    677      4   1725  0.200000000000000E+03  0.200000000000000E+03  0.200000000000000E+03
1	10502	10503
1	10502	10504
1	10502	10505
1	10502	10506
1	10502	10507
1	10502	10508
1	10503	10504
1	10503	10508
1	10503	10509
1	10503	10510
1	10503	10520
1	10504	10505
1	10504	10510
1	10504	10511
1	10504	10512
1	10505	10506
1	10505	10512
1	10505	10513
1	10505	10514
1	10506	10507
1	10506	10514
1	10506	10515
1	10506	10516
1	10507	10508
1	10507	10516
1	10507	10517
1	10507	10518
1	10508	10518
1	10508	10519
1	10508	10520
1	10509	10510
1	10509	10520
1	10509	10521
1	10510	10511
1	10510	10522
1	10510	10523
1	10511	10512
1	10511	10524
1	10512	10513
1	10512	10525
1	10512	10526
1	10513	10514
1	10513	10527
1	10514	10515
1	10514	10528
1	10514	10529
1	10515	10516
1	10515	10530
1	10516	10517
1	10516	10531
1	10516	10532
1	10517	10518
1	10517	10533
1	10518	10519
1	10518	10534
1	10518	10535
1	10519	10520
1	10519	10535
1	10519	10536
1	10520	10537
1	10520	10538
1	10521	10522
1	10521	10538
1	10521	10539
1	10522	10523
1	10522	10540
1	10522	10541
1	10523	10524
1	10523	10541
1	10523	10542
1	10524	10525
1	10524	10543
1	10525	10526
1	10525	10544
1	10525	10545
1	10526	10527
1	10526	10545
1	10526	10546
1	10527	10528
1	10527	10547
1	10528	10529
1	10528	10548
1	10528	10549
1	10529	10530
1	10529	10549
1	10529	10550
1	10530	10531
1	10530	10551
1	10531	10532
1	10531	10552
1	10531	10553
1	10532	10533
1	10532	10553
1	10532	10554
1	10533	10534
1	10533	10555
1	10534	10535
1	10534	10556
1	10534	10557
1	10535	10536
1	10535	10557
1	10535	10558
1	10536	10537
1	10536	10559
1	10537	10538
1	10537	10560
1	10537	10561
1	10538	10561
1	10538	10562
1	10539	10540
1	10539	10562
1	10539	10563
1	10540	10541
1	10540	10564
1	10540	10565
1	10541	10542
1	10541	10565
1	10541	10566
1	10542	10543
1	10542	10566
1	10542	10567
1	10543	10544
1	10543	10567
1	10543	10568
1	10544	10545
1	10544	10569
1	10545	10546
1	10545	10570
1	10545	10571
1	10546	10547
1	10546	10571
1	10546	10572
1	10547	10548
1	10547	10572
1	10547	10573
1	10548	10549
1	10548	10573
1	10548	10574
1	10549	10550
1	10549	10575
1	10550	10551
1	10550	10576
1	10550	10577
1	10551	10552
1	10551	10577
1	10551	10578
1	10552	10553
1	10552	10578
1	10552	10579
1	10553	10554
1	10553	10580
1	10554	10555
1	10554	10581
1	10555	10556
1	10555	10582
1	10555	10583
1	10556	10557
1	10556	10583
1	10556	10584
1	10557	10558
1	10557	10584
1	10557	10585
1	10558	10559
1	10558	10586
1	10559	10560
1	10559	10587
1	10559	10588
1	10560	10561
1	10560	10588
1	10560	10589
1	10561	10562
1	10561	10589
1	10561	10590
1	10562	10590
1	10562	10591
1	10563	10564
1	10563	10591
1	10563	10592
1	10564	10565
1	10564	10593
1	10564	10594
1	10565	10566
1	10565	10594
1	10565	10595
1	10566	10567
1	10566	10595
1	10566	10596
1	10567	10568
1	10567	10596
1	10567	10597
1	10568	10569
1	10568	10597
1	10568	10598
1	10569	10570
1	10569	10599
1	10570	10571
1	10570	10600
1	10570	10601
1	10571	10572
1	10571	10601
1	10571	10602
1	10572	10573
1	10572	10602
1	10572	10603
1	10573	10574
1	10573	10603
1	10573	10604
1	10574	10575
1	10574	10605
1	10575	10576
1	10575	10606
1	10576	10577
1	10576	10607
1	10576	10608
1	10577	10578
1	10577	10608
1	10577	10609
1	10578	10579
1	10578	10609
1	10578	10610
1	10579	10580
1	10579	10610
1	10579	10611
1	10580	10581
1	10580	10612
1	10581	10582
1	10581	10613
1	10582	10583
1	10582	10614
1	10582	10615
1	10583	10584
1	10583	10615
1	10583	10616
1	10584	10585
1	10584	10616
1	10584	10617
1	10585	10586
1	10585	10617
1	10585	10618
1	10586	10587
1	10586	10619
1	10587	10588
1	10587	10620
1	10588	10589
1	10588	10621
1	10588	10622
1	10589	10590
1	10589	10622
1	10589	10623
1	10590	10591
1	10590	10623
1	10590	10624
1	10591	10624
1	10591	10625
1	10592	10593
1	10592	10625
1	10592	10626
1	10593	10594
1	10593	10627
1	10594	10595
1	10594	10628
1	10594	10629
1	10595	10596
1	10595	10629
1	10595	10630
1	10596	10597
1	10596	10630
1	10596	10631
1	10597	10598
1	10597	10631
1	10597	10632
1	10598	10599
1	10598	10632
1	10598	10633
1	10599	10600
1	10599	10633
1	10599	10634
1	10600	10601
1	10600	10635
1	10601	10602
1	10601	10636
1	10602	10603
1	10602	10637
1	10602	10638
1	10603	10604
1	10603	10638
1	10603	10639
1	10604	10605
1	10604	10639
1	10604	10640
1	10605	10606
1	10605	10640
1	10605	10641
1	10606	10607
1	10606	10641
1	10606	10642
1	10607	10608
1	10607	10642
1	10607	10643
1	10608	10609
1	10608	10644
1	10609	10610
1	10609	10645
1	10610	10611
1	10610	10646
1	10611	10612
1	10611	10647
1	10611	10648
1	10612	10613
1	10612	10648
1	10612	10649
1	10613	10614
1	10613	10649
1	10613	10650
1	10614	10615
1	10614	10650
1	10614	10651
1	10615	10616
1	10615	10651
1	10615	10652
1	10616	10617
1	10616	10652
1	10616	10653
1	10617	10618
1	10617	10654
1	10618	10619
1	10618	10655
1	10619	10620
1	10619	10656
1	10619	10657
1	10620	10621
1	10620	10657
1	10620	10658
1	10621	10622
1	10621	10658
1	10621	10659
1	10622	10623
1	10622	10659
1	10622	10660
1	10623	10624
1	10623	10660
1	10623	10661
1	10624	10625
1	10624	10661
1	10624	10662
1	10625	10663
1	10626	10627
1	10626	10663
1	10626	10664
1	10627	10628
1	10627	10665
1	10628	10629
1	10628	10666
1	10629	10630
1	10629	10667
1	10629	10668
1	10630	10631
1	10630	10668
1	10630	10669
1	10631	10632
1	10631	10669
1	10631	10670
1	10632	10633
1	10632	10670
1	10632	10671
1	10633	10634
1	10633	10671
1	10633	10672
1	10634	10635
1	10634	10672
1	10634	10673
1	10635	10636
1	10635	10673
1	10635	10674
1	10636	10637
1	10636	10674
1	10636	10675
1	10637	10638
1	10637	10676
1	10638	10639
1	10638	10677
1	10639	10640
1	10639	10678
1	10640	10641
1	10640	10679
1	10641	10642
1	10641	10680
1	10641	10681
1	10642	10643
1	10642	10681
1	10642	10682
1	10643	10644
1	10643	10682
1	10643	10683
1	10644	10645
1	10644	10683
1	10644	10684
1	10645	10646
1	10645	10684
1	10645	10685
1	10646	10647
1	10646	10685
1	10646	10686
1	10647	10648
1	10647	10686
1	10647	10687
1	10648	10649
1	10648	10687
1	10648	10688
1	10649	10650
1	10649	10688
1	10649	10689
1	10650	10651
1	10650	10690
1	10651	10652
1	10651	10691
1	10652	10653
1	10652	10692
1	10653	10654
1	10653	10693
1	10654	10655
1	10654	10694
1	10654	10695
1	10655	10656
1	10655	10695
1	10655	10696
1	10656	10657
1	10656	10696
1	10656	10697
1	10657	10658
1	10657	10697
1	10657	10698
1	10658	10659
1	10658	10698
1	10658	10699
1	10659	10660
1	10659	10699
1	10659	10700
1	10660	10661
1	10660	10700
1	10660	10701
1	10661	10662
1	10661	10701
1	10661	10702
1	10662	10663
1	10662	10702
1	10662	10703
1	10663	10704
1	10664	10665
1	10664	10704
1	10664	10705
1	10665	10666
1	10665	10706
1	10666	10667
1	10666	10707
1	10667	10668
1	10667	10708
1	10667	10709
1	10668	10669
1	10668	10709
1	10668	10710
1	10669	10670
1	10669	10710
1	10669	10711
1	10670	10671
1	10670	10711
1	10670	10712
1	10671	10672
1	10671	10712
1	10671	10713
1	10672	10673
1	10672	10713
1	10672	10714
1	10673	10674
1	10673	10714
1	10673	10715
1	10674	10675
1	10674	10715
1	10674	10716
1	10675	10676
1	10675	10716
1	10675	10717
1	10676	10677
1	10676	10718
1	10677	10678
1	10677	10719
1	10678	10679
1	10678	10720
1	10679	10680
1	10679	10721
1	10680	10681
1	10680	10722
1	10680	10723
1	10681	10682
1	10681	10723
1	10681	10724
1	10682	10683
1	10682	10724
1	10682	10725
1	10683	10684
1	10683	10725
1	10683	10726
1	10684	10685
1	10684	10726
1	10684	10727
1	10685	10686
1	10685	10727
1	10685	10728
1	10686	10687
1	10686	10728
1	10686	10729
1	10687	10688
1	10687	10729
1	10687	10730
1	10688	10689
1	10688	10730
1	10688	10731
1	10689	10690
1	10689	10731
1	10689	10732
1	10690	10691
1	10690	10733
1	10691	10692
1	10691	10734
1	10692	10693
1	10692	10735
1	10693	10694
1	10693	10736
1	10694	10695
1	10694	10737
1	10694	10738
1	10695	10696
1	10695	10738
1	10695	10739
1	10696	10697
1	10696	10739
1	10696	10740
1	10697	10698
1	10697	10740
1	10697	10741
1	10698	10699
1	10698	10741
1	10698	10742
1	10699	10700
1	10699	10742
1	10699	10743
1	10700	10701
1	10700	10743
1	10700	10744
1	10701	10702
1	10701	10744
1	10701	10745
1	10702	10703
1	10702	10745
1	10702	10746
1	10703	10704
1	10703	10746
1	10703	10747
1	10704	10748
1	10705	10706
1	10705	10748
1	10705	10749
1	10706	10707
1	10706	10750
1	10707	10708
1	10707	10751
1	10708	10709
1	10708	10752
1	10709	10710
1	10709	10753
1	10710	10711
1	10710	10754
1	10711	10712
1	10711	10755
1	10712	10713
1	10712	10756
1	10713	10714
1	10713	10757
1	10714	10715
1	10714	10758
1	10714	10759
1	10715	10716
1	10715	10759
1	10715	10760
1	10716	10717
1	10716	10760
1	10716	10761
1	10717	10718
1	10717	10761
1	10717	10762
1	10718	10719
1	10718	10762
1	10718	10763
1	10719	10720
1	10719	10763
1	10719	10764
1	10720	10721
1	10720	10764
1	10720	10765
1	10721	10722
1	10721	10765
1	10721	10766
1	10722	10723
1	10722	10766
1	10722	10767
1	10723	10724
1	10723	10767
1	10723	10768
1	10724	10725
1	10724	10768
1	10724	10769
1	10725	10726
1	10725	10769
1	10725	10770
1	10726	10727
1	10726	10770
1	10726	10771
1	10727	10728
1	10727	10771
1	10727	10772
1	10728	10729
1	10728	10772
1	10728	10773
1	10729	10730
1	10729	10773
1	10729	10774
1	10730	10731
1	10730	10774
1	10730	10775
1	10731	10732
1	10731	10775
1	10731	10776
1	10732	10733
1	10732	10776
1	10732	10777
1	10733	10734
1	10733	10777
1	10733	10778
1	10734	10735
1	10734	10778
1	10734	10779
1	10735	10736
1	10735	10779
1	10735	10780
1	10736	10737
1	10736	10780
1	10736	10781
1	10737	10738
1	10737	10781
1	10737	10782
1	10738	10739
1	10738	10782
1	10738	10783
1	10739	10740
1	10739	10783
1	10739	10784
1	10740	10741
1	10740	10784
1	10740	10785
1	10741	10742
1	10741	10785
1	10741	10786
1	10742	10743
1	10742	10787
1	10743	10744
1	10743	10788
1	10744	10745
1	10744	10789
1	10745	10746
1	10745	10790
1	10746	10747
1	10746	10791
1	10747	10748
1	10747	10792
1	10748	10793
1	10749	10750
1	10749	10793
1	10749	10794
1	10750	10751
1	10750	10795
1	10751	10752
1	10751	10796
1	10752	10753
1	10752	10797
1	10753	10754
1	10753	10798
1	10754	10755
1	10754	10799
1	10755	10756
1	10755	10800
1	10756	10757
1	10756	10801
1	10757	10758
1	10757	10802
1	10758	10759
1	10758	10803
1	10758	10804
1	10759	10760
1	10759	10804
1	10759	10805
1	10760	10761
1	10760	10805
1	10760	10806
1	10761	10762
1	10761	10806
1	10761	10807
1	10762	10763
1	10762	10807
1	10762	10808
1	10763	10764
1	10763	10808
1	10763	10809
1	10764	10765
1	10764	10809
1	10764	10810
1	10765	10766
1	10765	10810
1	10765	10811
1	10766	10767
1	10766	10811
1	10766	10812
1	10767	10768
1	10767	10812
1	10767	10813
1	10768	10769
1	10768	10813
1	10768	10814
1	10769	10770
1	10769	10814
1	10769	10815
1	10770	10771
1	10770	10815
1	10770	10816
1	10771	10772
1	10771	10816
1	10771	10817
1	10772	10773
1	10772	10817
1	10772	10818
1	10773	10774
1	10773	10818
1	10773	10819
1	10774	10775
1	10774	10819
1	10774	10820
1	10775	10776
1	10775	10820
1	10775	10821
1	10776	10777
1	10776	10821
1	10776	10822
1	10777	10778
1	10777	10822
1	10777	10823
1	10778	10779
1	10778	10823
1	10778	10824
1	10779	10780
1	10779	10824
1	10779	10825
1	10780	10781
1	10780	10825
1	10780	10826
1	10781	10782
1	10781	10826
1	10781	10827
1	10782	10783
1	10782	10827
1	10782	10828
1	10783	10784
1	10783	10828
1	10783	10829
1	10784	10785
1	10784	10829
1	10784	10830
1	10785	10786
1	10785	10830
1	10785	10831
1	10786	10787
1	10786	10832
1	10787	10788
1	10787	10833
1	10788	10789
1	10788	10834
1	10789	10790
1	10789	10835
1	10790	10791
1	10790	10836
1	10791	10792
1	10791	10837
1	10792	10793
1	10792	10838
1	10793	10839
1	10794	10795
1	10794	10839
1	10794	10840
1	10795	10796
1	10795	10841
1	10796	10797
1	10796	10842
1	10797	10798
1	10797	10843
1	10798	10799
1	10798	10844
1	10799	10800
1	10799	10845
1	10800	10801
1	10800	10846
1	10801	10802
1	10801	10847
1	10802	10803
1	10802	10848
1	10803	10804
1	10803	10849
1	10804	10805
1	10804	10850
1	10805	10806
1	10805	10851
1	10806	10807
1	10806	10852
1	10807	10808
1	10807	10853
1	10808	10809
1	10808	10854
1	10809	10810
1	10809	10855
1	10810	10811
1	10810	10856
1	10811	10812
1	10811	10857
1	10812	10813
1	10812	10858
1	10813	10814
1	10813	10859
1	10814	10815
1	10814	10860
1	10815	10816
1	10815	10861
1	10816	10817
1	10816	10862
1	10817	10818
1	10817	10863
1	10818	10819
1	10818	10864
1	10819	10820
1	10819	10865
1	10820	10821
1	10820	10866
1	10821	10822
1	10821	10867
1	10822	10823
1	10822	10868
1	10823	10824
1	10823	10869
1	10824	10825
1	10824	10870
1	10825	10826
1	10825	10871
1	10826	10827
1	10826	10872
1	10827	10828
1	10827	10873
1	10828	10829
1	10828	10874
1	10829	10830
1	10829	10875
1	10830	10831
1	10830	10876
1	10831	10832
1	10831	10877
1	10832	10833
1	10832	10878
1	10833	10834
1	10833	10879
1	10834	10835
1	10834	10880
1	10835	10836
1	10835	10881
1	10836	10837
1	10836	10882
1	10837	10838
1	10837	10883
1	10838	10839
1	10838	10884
1	10839	10885
1	10840	10841
1	10840	10885
1	10840	10886
1	10841	10842
1	10841	10887
1	10842	10843
1	10842	10888
1	10843	10844
1	10843	10889
1	10844	10845
1	10844	10890
1	10845	10846
1	10845	10891
1	10846	10847
1	10846	10892
1	10847	10848
1	10847	10893
1	10848	10849
1	10848	10894
1	10849	10850
1	10849	10895
1	10850	10851
1	10850	10895
1	10850	10896
1	10851	10852
1	10851	10896
1	10851	10897
1	10852	10853
1	10852	10897
1	10852	10898
1	10853	10854
1	10853	10898
1	10853	10899
1	10854	10855
1	10854	10899
1	10854	10900
1	10855	10856
1	10855	10900
1	10855	10901
1	10856	10857
1	10856	10901
1	10856	10902
1	10857	10858
1	10857	10902
1	10857	10903
1	10858	10859
1	10858	10903
1	10858	10904
1	10859	10860
1	10859	10904
1	10859	10905
1	10860	10861
1	10860	10905
1	10860	10906
1	10861	10862
1	10861	10906
1	10861	10907
1	10862	10863
1	10862	10907
1	10862	10908
1	10863	10864
1	10863	10908
1	10863	10909
1	10864	10865
1	10864	10909
1	10864	10910
1	10865	10866
1	10865	10910
1	10865	10911
1	10866	10867
1	10866	10911
1	10866	10912
1	10867	10868
1	10867	10912
1	10867	10913
1	10868	10869
1	10868	10913
1	10868	10914
1	10869	10870
1	10869	10914
1	10869	10915
1	10870	10871
1	10870	10915
1	10870	10916
1	10871	10872
1	10871	10916
1	10871	10917
1	10872	10873
1	10872	10917
1	10872	10918
1	10873	10874
1	10873	10918
1	10873	10919
1	10874	10875
1	10874	10919
1	10874	10920
1	10875	10876
1	10875	10920
1	10875	10921
1	10876	10877
1	10876	10921
1	10876	10922
1	10877	10878
1	10877	10922
1	10878	10879
1	10878	10923
1	10879	10880
1	10879	10924
1	10880	10881
1	10880	10925
1	10881	10882
1	10881	10926
1	10882	10883
1	10882	10927
1	10883	10884
1	10883	10928
1	10884	10885
1	10884	10929
1	10885	10930
1	10886	10887
1	10886	10930
1	10886	10931
1	10887	10888
1	10887	10932
1	10888	10889
1	10888	10933
1	10889	10890
1	10889	10934
1	10890	10891
1	10890	10935
1	10891	10892
1	10891	10936
1	10892	10893
1	10892	10937
1	10893	10894
1	10893	10938
1	10894	10895
1	10894	10939
1	10895	10896
1	10895	10940
1	10896	10897
1	10896	10940
1	10896	10941
1	10897	10898
1	10897	10941
1	10897	10942
1	10898	10899
1	10898	10942
1	10898	10943
1	10899	10900
1	10899	10943
1	10899	10944
1	10900	10901
1	10900	10944
1	10900	10945
1	10901	10902
1	10901	10945
1	10901	10946
1	10902	10903
1	10902	10946
1	10902	10947
1	10903	10904
1	10903	10947
1	10903	10948
1	10904	10905
1	10904	10948
1	10904	10949
1	10905	10906
1	10905	10949
1	10905	10950
1	10906	10907
1	10906	10950
1	10906	10951
1	10907	10908
1	10907	10951
1	10907	10952
1	10908	10909
1	10908	10952
1	10908	10953
1	10909	10910
1	10909	10953
1	10909	10954
1	10910	10911
1	10910	10954
1	10910	10955
1	10911	10912
1	10911	10955
1	10911	10956
1	10912	10913
1	10912	10956
1	10912	10957
1	10913	10914
1	10913	10957
1	10913	10958
1	10914	10915
1	10914	10958
1	10914	10959
1	10915	10916
1	10915	10959
1	10915	10960
1	10916	10917
1	10916	10960
1	10916	10961
1	10917	10918
1	10917	10961
1	10917	10962
1	10918	10919
1	10918	10962
1	10918	10963
1	10919	10920
1	10919	10963
1	10919	10964
1	10920	10921
1	10920	10964
1	10920	10965
1	10921	10922
1	10921	10965
1	10921	10966
1	10922	10923
1	10922	10966
1	10922	10967
1	10923	10924
1	10923	10967
1	10923	10968
1	10924	10925
1	10924	10968
1	10925	10926
1	10925	10969
1	10926	10927
1	10926	10970
1	10927	10928
1	10927	10971
1	10928	10929
1	10928	10972
1	10929	10930
1	10929	10973
1	10930	10974
1	10931	10932
1	10931	10974
1	10931	10975
1	10932	10933
1	10932	10976
1	10933	10934
1	10933	10977
1	10934	10935
1	10934	10978
1	10935	10936
1	10935	10978
1	10935	10979
1	10936	10937
1	10936	10979
1	10936	10980
1	10937	10938
1	10937	10980
1	10937	10981
1	10938	10939
1	10938	10981
1	10938	10982
1	10939	10940
1	10939	10982
1	10939	10983
1	10940	10941
1	10940	10983
1	10940	10984
1	10941	10942
1	10941	10984
1	10941	10985
1	10942	10943
1	10942	10985
1	10942	10986
1	10943	10944
1	10943	10986
1	10944	10945
1	10944	10987
1	10945	10946
1	10945	10988
1	10946	10947
1	10946	10989
1	10947	10948
1	10947	10990
1	10948	10949
1	10948	10991
1	10949	10950
1	10949	10991
1	10949	10992
1	10950	10951
1	10950	10992
1	10950	10993
1	10951	10952
1	10951	10993
1	10951	10994
1	10952	10953
1	10952	10994
1	10952	10995
1	10953	10954
1	10953	10995
1	10953	10996
1	10954	10955
1	10954	10996
1	10954	10997
1	10955	10956
1	10955	10997
1	10955	10998
1	10956	10957
1	10956	10998
1	10956	10999
1	10957	10958
1	10957	10999
1	10957	11000
1	10958	10959
1	10958	11000
1	10959	10960
1	10959	11001
1	10960	10961
1	10960	11002
1	10961	10962
1	10961	11003
1	10962	10963
1	10962	11004
1	10963	10964
1	10963	11005
1	10964	10965
1	10964	11005
1	10964	11006
1	10965	10966
1	10965	11006
1	10965	11007
1	10966	10967
1	10966	11007
1	10966	11008
1	10967	10968
1	10967	11008
1	10967	11009
1	10968	10969
1	10968	11009
1	10968	11010
1	10969	10970
1	10969	11010
1	10969	11011
1	10970	10971
1	10970	11011
1	10970	11012
1	10971	10972
1	10971	11012
1	10971	11013
1	10972	10973
1	10972	11013
1	10973	10974
1	10973	11014
1	10974	11015
1	10975	10976
1	10975	11015
1	10975	11016
1	10976	10977
1	10976	11017
1	10977	10978
1	10977	11018
1	10978	10979
1	10978	11019
1	10979	10980
1	10979	11019
1	10979	11020
1	10980	10981
1	10980	11020
1	10980	11021
1	10981	10982
1	10981	11021
1	10981	11022
1	10982	10983
1	10982	11022
1	10982	11023
1	10983	10984
1	10983	11023
1	10983	11024
1	10984	10985
1	10984	11024
1	10984	11025
1	10985	10986
1	10985	11025
1	10985	11026
1	10986	10987
1	10986	11026
1	10987	10988
1	10987	11027
1	10988	10989
1	10988	11028
1	10989	10990
1	10989	11029
1	10990	10991
1	10990	11030
1	10991	10992
1	10991	11031
1	10992	10993
1	10992	11031
1	10992	11032
1	10993	10994
1	10993	11032
1	10993	11033
1	10994	10995
1	10994	11033
1	10994	11034
1	10995	10996
1	10995	11034
1	10995	11035
1	10996	10997
1	10996	11035
1	10996	11036
1	10997	10998
1	10997	11036
1	10997	11037
1	10998	10999
1	10998	11037
1	10998	11038
1	10999	11000
1	10999	11038
1	10999	11039
1	11000	11001
1	11000	11039
1	11001	11002
1	11001	11040
1	11002	11003
1	11002	11041
1	11003	11004
1	11003	11042
1	11004	11005
1	11004	11043
1	11005	11006
1	11005	11044
1	11006	11007
1	11006	11044
1	11006	11045
1	11007	11008
1	11007	11045
1	11007	11046
1	11008	11009
1	11008	11046
1	11008	11047
1	11009	11010
1	11009	11047
1	11009	11048
1	11010	11011
1	11010	11048
1	11010	11049
1	11011	11012
1	11011	11049
1	11011	11050
1	11012	11013
1	11012	11050
1	11012	11051
1	11013	11014
1	11013	11051
1	11014	11015
1	11014	11052
1	11015	11053
1	11016	11017
1	11016	11053
1	11016	11054
1	11017	11018
1	11017	11055
1	11018	11019
1	11018	11056
1	11019	11020
1	11019	11056
1	11019	11057
1	11020	11021
1	11020	11057
1	11020	11058
1	11021	11022
1	11021	11058
1	11021	11059
1	11022	11023
1	11022	11059
1	11022	11060
1	11023	11024
1	11023	11060
1	11023	11061
1	11024	11025
1	11024	11061
1	11025	11026
1	11025	11062
1	11026	11027
1	11026	11063
1	11027	11028
1	11027	11064
1	11028	11029
1	11028	11064
1	11028	11065
1	11029	11030
1	11029	11065
1	11029	11066
1	11030	11031
1	11030	11066
1	11030	11067
1	11031	11032
1	11031	11067
1	11031	11068
1	11032	11033
1	11032	11068
1	11032	11069
1	11033	11034
1	11033	11069
1	11034	11035
1	11034	11070
1	11035	11036
1	11035	11071
1	11036	11037
1	11036	11072
1	11037	11038
1	11037	11073
1	11038	11039
1	11038	11073
1	11038	11074
1	11039	11040
1	11039	11074
1	11039	11075
1	11040	11041
1	11040	11075
1	11040	11076
1	11041	11042
1	11041	11076
1	11041	11077
1	11042	11043
1	11042	11077
1	11042	11078
1	11043	11044
1	11043	11078
1	11044	11045
1	11044	11079
1	11045	11046
1	11045	11080
1	11046	11047
1	11046	11081
1	11047	11048
1	11047	11081
1	11047	11082
1	11048	11049
1	11048	11082
1	11048	11083
1	11049	11050
1	11049	11083
1	11049	11084
1	11050	11051
1	11050	11084
1	11050	11085
1	11051	11052
1	11051	11085
1	11051	11086
1	11052	11053
1	11052	11086
1	11053	11087
1	11054	11055
1	11054	11087
1	11054	11088
1	11055	11056
1	11055	11089
1	11056	11057
1	11056	11089
1	11056	11090
1	11057	11058
1	11057	11090
1	11057	11091
1	11058	11059
1	11058	11091
1	11058	11092
1	11059	11060
1	11059	11092
1	11059	11093
1	11060	11061
1	11060	11093
1	11061	11062
1	11061	11094
1	11062	11063
1	11062	11095
1	11063	11064
1	11063	11095
1	11063	11096
1	11064	11065
1	11064	11096
1	11064	11097
1	11065	11066
1	11065	11097
1	11065	11098
1	11066	11067
1	11066	11098
1	11067	11068
1	11067	11099
1	11068	11069
1	11068	11100
1	11069	11070
1	11069	11101
1	11070	11071
1	11070	11101
1	11070	11102
1	11071	11072
1	11071	11102
1	11071	11103
1	11072	11073
1	11072	11103
1	11072	11104
1	11073	11074
1	11073	11104
1	11074	11075
1	11074	11105
1	11075	11076
1	11075	11106
1	11076	11077
1	11076	11107
1	11077	11078
1	11077	11107
1	11077	11108
1	11078	11079
1	11078	11108
1	11078	11109
1	11079	11080
1	11079	11109
1	11079	11110
1	11080	11081
1	11080	11110
1	11081	11082
1	11081	11111
1	11082	11083
1	11082	11112
1	11083	11084
1	11083	11113
1	11084	11085
1	11084	11113
1	11084	11114
1	11085	11086
1	11085	11114
1	11085	11115
1	11086	11087
1	11086	11115
1	11086	11116
1	11087	11116
1	11088	11089
1	11088	11116
1	11088	11117
1	11089	11090
1	11089	11118
1	11090	11091
1	11090	11118
1	11090	11119
1	11091	11092
1	11091	11119
1	11091	11120
1	11092	11093
1	11092	11120
1	11092	11121
1	11093	11094
1	11093	11121
1	11094	11095
1	11094	11122
1	11095	11096
1	11095	11123
1	11096	11097
1	11096	11123
1	11096	11124
1	11097	11098
1	11097	11124
1	11097	11125
1	11098	11099
1	11098	11125
1	11098	11126
1	11099	11100
1	11099	11126
1	11100	11101
1	11100	11127
1	11101	11102
1	11101	11128
1	11102	11103
1	11102	11128
1	11102	11129
1	11103	11104
1	11103	11129
1	11103	11130
1	11104	11105
1	11104	11130
1	11105	11106
1	11105	11131
1	11106	11107
1	11106	11132
1	11107	11108
1	11107	11132
1	11107	11133
1	11108	11109
1	11108	11133
1	11108	11134
1	11109	11110
1	11109	11134
1	11109	11135
1	11110	11111
1	11110	11135
1	11111	11112
1	11111	11136
1	11112	11113
1	11112	11137
1	11113	11114
1	11113	11137
1	11113	11138
1	11114	11115
1	11114	11138
1	11114	11139
1	11115	11116
1	11115	11139
1	11115	11140
1	11116	11140
1	11117	11118
1	11117	11140
1	11117	11141
1	11118	11119
1	11118	11142
1	11119	11120
1	11119	11142
1	11119	11143
1	11120	11121
1	11120	11143
1	11121	11122
1	11121	11144
1	11122	11123
1	11122	11145
1	11123	11124
1	11123	11145
1	11123	11146
1	11124	11125
1	11124	11146
1	11125	11126
1	11125	11147
1	11126	11127
1	11126	11148
1	11127	11128
1	11127	11148
1	11127	11149
1	11128	11129
1	11128	11149
1	11129	11130
1	11129	11150
1	11130	11131
1	11130	11151
1	11131	11132
1	11131	11151
1	11131	11152
1	11132	11133
1	11132	11152
1	11133	11134
1	11133	11153
1	11134	11135
1	11134	11154
1	11135	11136
1	11135	11154
1	11135	11155
1	11136	11137
1	11136	11155
1	11137	11138
1	11137	11156
1	11138	11139
1	11138	11157
1	11139	11140
1	11139	11157
1	11139	11158
1	11140	11158
1	11141	11142
1	11141	11158
1	11141	11159
1	11142	11143
1	11142	11160
1	11143	11144
1	11143	11160
1	11144	11145
1	11144	11161
1	11145	11146
1	11145	11162
1	11146	11147
1	11146	11162
1	11147	11148
1	11147	11163
1	11148	11149
1	11148	11164
1	11149	11150
1	11149	11164
1	11150	11151
1	11150	11165
1	11151	11152
1	11151	11166
1	11152	11153
1	11152	11166
1	11152	11167
1	11153	11154
1	11153	11167
1	11154	11155
1	11154	11168
1	11155	11156
1	11155	11168
1	11155	11169
1	11156	11157
1	11156	11169
1	11157	11158
1	11157	11170
1	11158	11170
1	11159	11160
1	11159	11170
1	11159	11171
1	11160	11161
1	11160	11171
1	11160	11172
1	11161	11162
1	11161	11172
1	11162	11163
1	11162	11172
1	11162	11173
1	11163	11164
1	11163	11173
1	11164	11165
1	11164	11173
1	11164	11174
1	11165	11166
1	11165	11174
1	11166	11167
1	11166	11174
1	11166	11175
1	11167	11168
1	11167	11175
1	11168	11169
1	11168	11175
1	11168	11176
1	11169	11170
1	11169	11176
1	11170	11171
1	11170	11176
1	11171	11172
1	11171	11176
1	11171	11177
1	11172	11173
1	11172	11177
1	11173	11174
1	11173	11177
1	11174	11175
1	11174	11177
1	11175	11176
1	11175	11177
1	11176	11177
