 -0.987483042652617E-01  0.121269630039502E+00 -0.938833655030393E-02
  0.245994779098548E+00 -0.424328810742868E+00  0.701555552373783E+00
  0.192447828354205E+00 -0.230656669006638E+00 -0.135190490411967E+00
  0.577015176326899E-01  0.113379734343333E-01 -0.287504859013172E+00
 -0.911792609433041E-01 -0.284125096333761E+00 -0.174767456226561E+00
  0.155128651592092E+00  0.144769074769734E+00  0.293111469345467E+00
  0.174920472892477E-01 -0.430029960496434E+00  0.216643491911236E+00
 -0.744912036387752E-01 -0.279367598408403E+00 -0.119212540439361E+00
 -0.147345094344699E+00  0.553452709707922E+00 -0.318774356692034E+00
 -0.312041870271737E+00 -0.197074896647312E+00  0.320032501820298E+00
 -0.322258282745777E-01  0.450491957584754E+00 -0.399148725331845E+00
  0.129336956927094E+00 -0.974321747933876E-01 -0.491139532141663E-01
  0.264957231069420E-02  0.285462785867261E+00 -0.596505967754989E-01
  0.144559202883661E+00  0.302124932241491E+00 -0.396128820572785E+00
 -0.367250489976067E+00  0.179079386850248E-01 -0.644362659384795E-01
  0.675639367900412E-01  0.398916641447399E-01 -0.220024593811863E-01
 -0.279620742211550E+00 -0.319078658597275E-01 -0.284363557634997E+00
 -0.228846739205179E-01  0.183020326349009E+00  0.205022104025150E+00
  0.256474940110147E+00  0.273618922781186E+00 -0.425864495012408E+00
 -0.177595678340479E-02  0.148893264147860E+00 -0.515764817432743E+00
  0.151173532734466E+00 -0.907655074797837E-01 -0.588134819697832E+00
  0.676906822970895E+00  0.121908895484284E+00  0.426136627222859E+00
  0.154100229150463E+00 -0.313155661855393E+00 -0.251303483538726E+00
  0.431101034204178E+00  0.465101378542297E+00 -0.298986436721980E+00
  0.276755350843994E+00  0.195160221966348E+00 -0.318861291352969E-01
  0.547857632797832E+00 -0.891897571124899E-01 -0.843839721676183E+00
  0.183879945835957E+00 -0.139164499113910E+00  0.829490464222288E-01
 -0.745194702684832E-01 -0.401150822181742E+00 -0.310944693032444E+00
 -0.260415691097376E-01 -0.495247289515838E+00 -0.272625061815285E+00
  0.997063492648312E-01  0.348036038684913E+00 -0.181332668610207E+00
  0.665514912435128E-01  0.104604122835684E+00 -0.649840673087412E+00
 -0.197780698669514E+00  0.267298292582216E+00  0.177613630002230E+00
  0.289717310940130E+00  0.159046090411723E+00  0.153866592833389E+00
  0.104404627344436E+00 -0.545241025820647E+00  0.578908511285231E+00
 -0.128955321926129E+00 -0.144282756108139E+00 -0.273912074783431E+00
  0.732349441336567E-01  0.843960545045327E-02 -0.207335980673787E+00
 -0.438751497141363E+00  0.138993748237940E+00 -0.227259443882739E-01
 -0.429881239177961E+00  0.661755979380593E-01  0.260258652481570E+00
 -0.150507219698760E+00 -0.989272314413071E-01 -0.169762695252834E+00
 -0.628751026769598E+00 -0.675372877850311E-01 -0.326664050563614E+00
  0.124320242419606E+00 -0.189128598620077E+00  0.371329229698608E+00
 -0.327485419708781E+00  0.383059401475137E+00 -0.312429130105909E+00
  0.649751292392891E+00  0.360678094429440E+00  0.152014974451048E+00
  0.279515835547726E+00 -0.157214161151536E+00  0.232739774832441E+00
  0.548257379116718E+00 -0.459924713387663E-02 -0.479122077543662E+00
  0.334001838259838E+00 -0.350044486874491E+00  0.923416913014241E-01
  0.736772641537924E-01 -0.434914917662560E+00  0.549617330783415E+00
  0.137065269412012E+00  0.251065715097592E+00  0.486135937561652E+00
 -0.177319054039213E+00 -0.588933696307786E-01  0.943333147029014E-01
  0.136068069206682E-01  0.343422543182269E+00 -0.106228070651427E+00
 -0.451442926108899E-01 -0.776702377447348E-01 -0.187277534915553E+00
 -0.282887567873928E+00  0.209165083136675E+00  0.319679728669531E+00
  0.519449533117053E-01  0.114817895758011E+00 -0.109058208149659E+00
  0.381554263236888E-01 -0.313238352230828E-01 -0.273999457994971E+00
 -0.234009015040078E-02 -0.308129548779750E+00  0.199800224805796E+00
 -0.454086966180869E-01 -0.810860757093716E-01 -0.152029712979212E-01
 -0.206326178310062E+00  0.636408063952578E-02 -0.307849003673310E+00
 -0.219822098395788E-01  0.912979291811673E-01  0.143284369524363E+00
 -0.148106573560670E+00  0.312693351377320E+00 -0.193816894432047E+00
  0.116953516339560E-01  0.680590754355392E+00 -0.174293802900604E+00
  0.586308770764250E+00 -0.449392621229533E+00 -0.597368228876467E+00
 -0.784684048239374E-01  0.314610245286930E+00 -0.294287919409783E+00
 -0.128304226163242E+00  0.297925367296356E+00  0.640316300896536E+00
 -0.146750892915359E+00  0.180778436661227E-01 -0.480150135084808E+00
 -0.276645389047211E-01  0.303616166564574E+00  0.123694278717900E+00
  0.158171491904588E+00  0.824443613935204E-01 -0.605912502923685E-01
 -0.418102805372476E+00 -0.349704894850984E-01  0.104806262715496E+00
  0.227234021128347E+00 -0.167850922536673E+00  0.278687453893906E+00
  0.266237034013104E+00  0.213322537025459E+00 -0.252691676008292E+00
  0.328173551670136E+00 -0.297484093387781E+00 -0.248466872344112E+00
  0.429196936464118E+00  0.283639780812614E+00  0.602271029991433E+00
  0.108746355377677E+00 -0.165510058603923E+00  0.926213943642147E-01
 -0.105391586348698E+00  0.219632622951806E+00 -0.430305583644837E-01
 -0.253259205249516E+00  0.438539328080380E+00  0.390257356501983E-01
  0.657006618372805E+00 -0.376230150682512E+00 -0.591815207022142E+00
  0.635583573608645E+00 -0.101819043025927E+00 -0.505335670034202E+00
 -0.531335634092054E+00  0.147784136949331E+00  0.529286276165554E+00
  0.126867761677021E+00 -0.367018023254351E+00 -0.548102064425121E+00
 -0.680221828016153E-01 -0.379801025405110E+00 -0.449425032823838E+00
  0.592246210867309E-01 -0.487645816995742E-01  0.214943811761402E+00
  0.321747097708855E+00  0.244117668825755E+00 -0.710072307247263E-01
  0.192892029021514E+00 -0.939909693068757E-01 -0.360107866483574E+00
  0.728544799662576E-01 -0.440246237800587E+00  0.456937874795417E+00
 -0.411725950409354E+00 -0.398328186849350E+00 -0.137191690251093E+00
 -0.422384129777519E+00 -0.303340562128136E-01  0.419509342642576E+00
 -0.735763246001566E-01 -0.111803531225772E+00 -0.288573844771536E+00
  0.542839182126523E-01 -0.364108424095466E+00 -0.412784659368393E-01
 -0.580208061966165E+00  0.267056447520494E+00  0.793019448458181E-01
  0.261598439184704E+00 -0.139027926132765E+00 -0.535685683988914E+00
 -0.101063270819568E-01  0.359998291020472E-01 -0.693141468209746E+00
 -0.149701246171320E+00  0.234793506365904E+00 -0.362380535170318E-01
 -0.724884170146383E-01  0.218258424148502E+00  0.544958056269082E+00
  0.110255177548209E+00  0.492799756248404E+00 -0.165738177049037E+00
  0.694434792147733E+00  0.267155673634911E+00  0.124251324791003E+00
 -0.113605432052378E+00  0.306160909645325E-02 -0.211201577822993E+00
 -0.449513483575443E+00 -0.333314496336441E+00 -0.216368290239892E+00
 -0.114346117394000E+00  0.171568744609055E+00  0.772545263495548E-01
  0.610568484383858E-01 -0.416891747367534E-01 -0.207382292431711E+00
  0.513127770242842E+00 -0.469112329295632E-01  0.467169142346557E+00
 -0.942656401412153E-01 -0.260525308508048E-01  0.222403231793345E-01
 -0.191870052729954E+00 -0.157311250947180E+00  0.729000428868820E-02
  0.605921269029566E-01 -0.311847336460691E+00  0.372254762191227E-02
 -0.247511103513022E+00 -0.915726802685727E-01  0.845218898522882E-01
  0.279721716371382E+00 -0.205247696448667E+00  0.232507303531627E+00
  0.113732296067480E+00 -0.101428565983441E+00 -0.291845027225176E+00
 -0.128435804914477E+00 -0.126066706577044E+00  0.288710231859726E+00
 -0.246189337843440E+00 -0.306394474310688E+00  0.270731068468054E+00
 -0.259972598611741E+00  0.653065196474057E-01  0.557206200685014E-01
  0.344797210209478E+00 -0.155640749208326E+00 -0.235789467961782E+00
 -0.131729021173563E+00 -0.555075601693687E-01  0.240675679607110E+00
  0.169053878680367E+00  0.255609639734484E-01  0.586182805573759E+00
  0.174049565694014E+00 -0.266875741745133E+00  0.105736659218675E+00
  0.455420729712991E+00 -0.407258199555195E-01  0.840221913873659E-01
  0.696640927078040E-02  0.410521663740367E+00 -0.245886408399734E+00
  0.337048342914308E+00  0.272517038403776E+00 -0.384275898312224E+00
 -0.265797132650843E+00  0.613073043446044E-01  0.595915685997422E-01
  0.270189398378497E-01  0.297127788607464E-01 -0.472531762586261E+00
 -0.150527957137018E+00 -0.331875523021140E+00  0.153722440046003E-02
 -0.338803276549895E+00  0.206909006265703E+00 -0.407991611154483E+00
 -0.269802078008347E+00 -0.156864777540716E+00 -0.348862038326037E-01
  0.444801922470986E-01 -0.708784218650318E-01  0.248595394421152E+00
  0.106903677871920E+00  0.719381700071965E-01  0.441563908549329E+00
 -0.106123141648875E+00  0.189211160089091E+00 -0.198147041030896E+00
 -0.140062257852948E+00  0.112574007350835E+00  0.334897442848665E-01
  0.431183306283973E-01  0.560040148891493E+00 -0.359789100364550E+00
 -0.241031936038998E+00  0.317443232889574E+00 -0.409903373649970E-01
  0.515616132611243E+00  0.479463110006204E+00  0.935913953044573E-01
  0.481934182559412E+00 -0.358321418695438E-01 -0.307452750241658E+00
  0.205291573625527E+00 -0.348552278153251E+00 -0.109277650436538E+00
 -0.293305305499476E+00 -0.168074474206550E+00 -0.477316468472346E+00
 -0.305251928482293E+00 -0.373889125640252E+00  0.166413197897132E+00
  0.931580621973494E-01 -0.655779076523525E-01  0.263022646030279E+00
 -0.157999948169426E+00  0.956462360260472E-01 -0.535153469388290E+00
  0.184284385445982E+00  0.312792112575077E+00  0.401228434503174E+00
 -0.157613272857530E+00  0.569679951227089E+00  0.177062803001406E+00
  0.448697690032787E+00 -0.456366325756847E+00  0.178172927310825E+00
 -0.437865896033906E-01 -0.426466898526763E+00  0.166593531779597E+00
 -0.163072923618952E+00 -0.115699462504176E-01 -0.672068635071915E-01
 -0.110545520532031E+00  0.749772901263827E-01  0.488598699832574E-01
 -0.437630148669660E+00  0.375376585164371E-01 -0.110841566996073E-01
 -0.389531757342598E+00 -0.216682373573193E+00  0.336106717987716E+00
  0.808590242972854E-01  0.703294368480341E-02  0.218689832113058E+00
 -0.401107171568739E+00  0.218757707959584E+00 -0.473092273537038E+00
  0.247565843848788E+00 -0.105523822315139E+00 -0.490100125392056E+00
 -0.202069009746110E+00 -0.150353311031827E+00 -0.486054339886314E-01
 -0.111463708137319E-01 -0.464520730817511E-01 -0.445372117124009E-02
 -0.184960486264581E+00  0.435059089096576E+00 -0.388810246520634E+00
  0.112246082020333E+00  0.199497995593151E+00 -0.610187581328044E+00
 -0.555146363295527E-01  0.135374906934139E+00  0.189919867034233E+00
  0.237464527168532E+00  0.956687343873310E-01 -0.596029427594506E-01
 -0.718071636635825E-01 -0.414309722010645E+00 -0.218824931712118E+00
  0.224259695267140E-01  0.279723359739787E-02  0.102660996641578E+00
 -0.671488815018476E+00  0.183824876798998E+00 -0.216173650272627E+00
 -0.579606669019980E+00 -0.110244870309325E+00 -0.673884005669324E+00
  0.236027322002459E-01  0.119468515709809E+00  0.506281078073859E+00
 -0.477757049004100E-01 -0.184314002309935E+00 -0.116068832518027E+00
  0.250770588423518E+00 -0.238544068860408E+00  0.255453339936211E+00
  0.372427185345373E+00 -0.722986934983124E+00  0.723612596131384E-01
  0.287244835380463E-01 -0.161021575648485E+00  0.661629086392509E+00
 -0.554985742587121E-01  0.250133998425483E+00  0.350550940857383E+00
  0.702899962650000E-01  0.775708261769231E-01 -0.179401195581049E+00
  0.344208461396167E+00 -0.233658692797611E+00  0.455817354398903E+00
 -0.363026931950125E-01  0.259386091110481E+00 -0.650621715507514E+00
  0.395042921358935E-01 -0.130095909787202E+00 -0.108006092206052E+00
 -0.490144933917901E+00  0.597098239647953E+00 -0.246467044699124E+00
 -0.108908809915539E+00  0.162523273567377E+00 -0.198663087814077E+00
  0.139449490151626E+00  0.244633040727662E+00 -0.426744715678000E-01
 -0.177756465795496E+00  0.151150665201011E+00  0.195145845283766E-01
 -0.266217531990196E+00 -0.226926733850214E+00 -0.224725862420415E-01
 -0.154166472686551E+00  0.745515208960187E-01 -0.125988031247935E+00
 -0.208699914624532E-02 -0.467514312026122E-01 -0.288267006502443E-01
  0.191801922440575E+00 -0.312094505442901E-01 -0.207813224489837E+00
 -0.292000788530664E+00  0.980487301061013E+00  0.238907227523360E+00
 -0.277990068950984E+00 -0.526735941665539E-01 -0.659228321565030E-01
  0.285797686751557E+00  0.254089869919130E+00  0.554121277127941E+00
  0.300138000935227E+00  0.413710601848184E+00 -0.443560371977017E-01
  0.502303947694856E+00 -0.771772384489480E-01  0.281945227219757E+00
  0.383404682880400E-01 -0.524358327636531E-01 -0.296676520132888E+00
 -0.241707875096094E-01 -0.139879167359493E+00 -0.413096511106100E-01
 -0.314755109550798E+00 -0.381001188008564E+00  0.186647543848456E+00
  0.186437165569348E+00  0.686656019425402E-01  0.234782200942819E+00
  0.640841653131307E+00  0.194463241054025E+00 -0.324462928743851E+00
  0.103022411011350E+00  0.299921019496532E+00  0.420460812233940E+00
 -0.487073276966335E-01 -0.666348791122040E-01  0.366163050856654E+00
  0.328828142115257E+00  0.332313059690475E+00 -0.253641797678401E+00
  0.404348799066501E+00  0.344533936001569E+00 -0.332858959667754E+00
 -0.229816408652426E+00 -0.164058205724390E+00  0.169520306966436E+00
 -0.290717630647396E+00  0.232459878193094E+00 -0.164822008260325E+00
 -0.342160284021234E+00 -0.980090781512596E-01 -0.658603249479148E-01
 -0.321605745521102E-01 -0.371123243099158E+00 -0.202041740218044E+00
  0.522112015584199E+00  0.682375121804387E-01 -0.220468115646446E-01
  0.510667001598905E-01  0.707886550756688E+00 -0.234504971890930E+00
 -0.144413904855782E+00 -0.444199823590297E-01 -0.453438438309019E+00
 -0.160542415975443E+00 -0.459029539523167E-01 -0.546401114894168E-01
 -0.323546485374175E-01  0.295043244403586E+00 -0.163797257977940E-01
  0.360140704266214E-01  0.199294585946664E+00  0.361032290388384E+00
  0.236055921660693E+00 -0.184474795090087E+00  0.149760626087439E+00
 -0.205423304334162E+00  0.151115233879016E+00 -0.358601009409235E+00
 -0.296309822456110E-01  0.511093873501106E+00  0.224543371881437E-01
  0.433122756257505E+00  0.127337725506377E+00 -0.190890447612381E+00
  0.182928327801373E+00  0.464759950635260E+00 -0.245581509472229E+00
 -0.631719864053649E+00  0.140995322011790E+00 -0.336442894949902E+00
  0.346796221874199E-01  0.929268258888048E-01  0.212222291907653E+00
 -0.432169591362144E+00  0.196415115411302E+00  0.233487936872325E+00
  0.962223035206568E-01 -0.883287480477574E-01  0.446194923626198E+00
  0.313730715384215E+00  0.712514217261262E-01  0.984300210227966E-01
 -0.139316881865421E+00 -0.248009809273771E-01 -0.661452362405577E+00
 -0.114239285406637E+00 -0.632125461650818E-01 -0.420368510335233E+00
 -0.260294718263412E+00 -0.382224454873345E+00  0.128529116174667E+00
  0.772922514130683E-01 -0.959167486263329E-01 -0.222455399125995E+00
  0.814239380488442E-01  0.105039230852225E+00  0.157234593439296E+00
  0.878922179761558E-01 -0.994930744039571E-01  0.319711948000164E+00
 -0.575734357375671E-01  0.451097944009316E+00  0.391093254105965E+00
 -0.282184969798557E+00  0.203296036121565E+00  0.116981036092642E+00
 -0.242754279744060E-01  0.823342350809477E-01 -0.308504325226178E-01
  0.621332170062723E-01 -0.597923029082192E-01  0.170107415734429E-01
 -0.266856436879779E-01  0.251429668986664E+00 -0.140934093136275E+00
 -0.181397434075544E-01 -0.397057532500213E+00 -0.133066873668279E+00
  0.975141527549902E-01 -0.246603547248898E+00  0.856745946593799E-01
  0.904966145164045E-01 -0.371907939225574E+00  0.356226532279369E+00
 -0.300995185073426E+00  0.349479798497308E+00  0.305998094242442E+00
  0.607854665067687E-02  0.139501708997562E+00 -0.433711599880667E+00
 -0.138873301288149E+00  0.179055672711640E+00  0.253491091603200E+00
  0.351050382036250E+00 -0.250581504621025E+00 -0.137809611558958E+00
 -0.413830557383397E+00 -0.193067930873035E+00  0.478528504218489E-01
 -0.106055644046151E+00 -0.219406477434091E-01 -0.626521604302136E-01
 -0.215070397767964E+00  0.384004127400383E+00 -0.322900738116829E+00
 -0.167313855958002E+00  0.104419730907354E+00 -0.286250210674427E-01
  0.152371117056148E+00  0.170297642620587E+00 -0.137959212293209E+00
 -0.252942236542320E+00 -0.190793346609511E+00  0.191295738649038E+00
 -0.944033041767310E-01 -0.369968891242377E+00  0.173679019792203E+00
 -0.893272067645074E-01 -0.550476035854921E-02 -0.247513728728942E+00
  0.103382920513303E+00 -0.620744246448160E-02  0.165887619936786E+00
 -0.424095363119204E+00 -0.408487692601508E+00  0.198362282701175E+00
 -0.147313021464753E-01 -0.571136207105625E-01 -0.979664776177233E-01
 -0.332594045303314E+00 -0.468044982987686E+00 -0.154533850829568E-01
  0.584478836484316E-01 -0.161940632734054E+00  0.100530652276552E+00
  0.287727592868237E+00 -0.105515921143621E+00  0.540742939105055E-01
  0.626875396799233E+00  0.234766224395073E+00 -0.302705319959036E+00
  0.898469303804843E-01 -0.588940167375169E-01 -0.126766993674007E+00
  0.502190980560172E+00  0.106550404814658E+00  0.315274997367527E+00
 -0.344707805082728E+00  0.525129386528392E-01 -0.192534736066036E+00
 -0.153881340078095E+00  0.370736508984271E+00 -0.188138461796255E+00
 -0.365881188918201E+00 -0.840537924699900E-01 -0.261961280491475E+00
 -0.142887238461378E+00 -0.268662701445107E+00  0.260278558858763E+00
 -0.212918046682666E+00 -0.380443213714080E-01  0.423029092834197E-01
 -0.576527591552253E-01  0.312562408242115E+00 -0.373585823320060E+00
  0.155879718286304E+00 -0.986702904525527E-01 -0.213304852003286E+00
 -0.172082355532718E+00 -0.320415547982559E+00  0.436260853810588E+00
  0.144034608470827E+00 -0.473323728983242E+00 -0.571462276459881E+00
 -0.251809170538255E+00  0.194043534595357E+00 -0.161019452118771E+00
 -0.383874625172057E-01 -0.185337131080061E+00  0.274325285963122E+00
 -0.133507588345462E+00 -0.247666492036449E+00 -0.203512660674913E-01
 -0.174850419110540E+00 -0.269638558319511E+00 -0.239103817956043E+00
  0.399954760517760E-01 -0.437576471207736E-02  0.246477170061496E+00
 -0.348800713012618E+00 -0.631913570422868E-01 -0.257170806568447E+00
 -0.113820025026088E-01  0.154959254102490E+00  0.794266344228638E-01
  0.275965401172488E+00 -0.415296239503798E+00  0.525621674413114E-01
 -0.133591891406544E+00  0.911118499540226E-01  0.249425955456258E+00
 -0.165875399385791E+00 -0.102614825142137E+00 -0.341933341252413E+00
  0.238954220433439E+00  0.182418700634939E+00  0.346871512412228E+00
  0.103469362274610E-01  0.236021523422907E+00  0.389467828533716E+00
  0.166218008969229E+00 -0.530199981264680E+00  0.336123976140619E+00
 -0.148386924677422E+00 -0.191483031687339E+00  0.242463402636026E+00
  0.687446348664637E-01 -0.130205732257040E+00  0.310344578457311E+00
 -0.622080701403556E+00 -0.825078023089226E-02  0.177727998362417E+00
 -0.929711147372677E-01  0.550641003700901E+00  0.326181400989167E+00
  0.284721164206593E+00 -0.245197667421535E+00  0.410159710446289E+00
 -0.788100271241163E-02 -0.307128910986355E+00  0.523146516055676E-02
  0.732115176796205E+00  0.892495462593945E-01  0.327539767123589E+00
 -0.180737261669212E+00 -0.164816669775237E+00  0.411126762713592E+00
 -0.206948025616130E+00 -0.145682064111469E+00  0.342323587808336E+00
  0.592472319716966E+00 -0.155698192725783E+00 -0.774162487587146E-01
 -0.451831725968250E+00 -0.166407594915321E+00  0.938474984400737E-01
 -0.808003310175222E-01  0.917047822960478E-01 -0.194673798799941E-01
  0.282659769027089E+00  0.553581525079905E-01  0.269765300107812E+00
  0.456971179101181E-01 -0.461633875884452E+00 -0.222231993835288E+00
 -0.435577735382666E+00 -0.358810244395567E+00 -0.452931609148385E-01
  0.248151034167725E+00  0.127245318519678E+00  0.211936179668734E+00
  0.887336691114579E-01  0.371417840172002E+00  0.357460872912320E+00
  0.104947848443335E-01  0.238444830384545E-01 -0.196573365710599E+00
 -0.712801268844558E-01 -0.190926849233706E+00 -0.502982764715022E+00
  0.165292653732664E+00 -0.200079675287436E-01  0.329814252642226E-01
  0.889650173771863E-02 -0.888407584148807E-01  0.228321677798613E+00
  0.220013563778572E-01  0.294980667239940E-01  0.260962067570121E+00
 -0.637847521240007E-01  0.116677245341964E+00  0.176973088253688E+00
  0.256127931008215E+00 -0.838582071552124E-01  0.386280683744605E+00
  0.130574478943443E-01 -0.416939136574733E+00 -0.981677854288864E-01
 -0.718988193258452E-01 -0.159006132135492E+00  0.498464254448366E+00
  0.159618833049295E-01  0.212985488056960E-01 -0.210399476149883E+00
  0.797257609137438E-01  0.541689566091351E+00  0.103420743666739E+00
  0.275275027557282E-03 -0.550316809626617E-02 -0.649258729920991E-01
 -0.644108973175854E+00 -0.149107181615093E+00 -0.323788867520914E-01
  0.377336734153181E+00 -0.157429800962574E+00  0.749834051759140E-01
 -0.372205627955857E-01  0.238946394525787E-01 -0.477445027757041E-01
  0.126305833611679E+00  0.351432841086839E+00  0.188155134485219E+00
  0.283519389858661E+00  0.187795858994584E+00 -0.188517844889290E+00
 -0.386344766205315E+00 -0.400266382676471E+00 -0.357071710980251E+00
 -0.275534226620067E+00  0.473159821192630E-01 -0.209474143199703E+00
 -0.168633181800126E+00  0.981863747712406E-01  0.183789548196858E+00
  0.713108815202680E-04 -0.611583213571560E-01  0.110166384208353E+00
  0.805049725402321E-01  0.102765239841509E+00  0.226695888700993E+00
  0.107432030333693E+00  0.224568047210202E+00  0.246121187489027E+00
  0.486835739844439E+00 -0.370919257971401E+00 -0.391971765059995E+00
  0.922876420335323E-01 -0.137454763744801E-01 -0.235844012530781E+00
 -0.312778170207418E+00  0.206200450659336E+00 -0.131932651455973E+00
  0.311524876052047E-01 -0.101347437336297E+00  0.534310522394216E+00
 -0.257989959176797E+00 -0.303370446202390E+00  0.215554822609174E+00
  0.375483666160817E+00 -0.268219822691449E+00  0.113898572133382E+00
 -0.373411963218320E+00  0.290597115455468E+00  0.762457811365962E-01
 -0.169847118378553E+00 -0.280677800720444E+00  0.204309665263144E+00
  0.265114610149118E+00  0.721860347436703E-01 -0.123794189193089E-01
  0.194081085939205E+00 -0.419266931641073E+00  0.489812088071520E-01
 -0.436037433748513E+00  0.745816751718193E-01  0.106993872081725E+00
  0.644815363573251E-01  0.109268539907049E+00 -0.416951298679282E-02
  0.139071213445460E+00 -0.328688856576073E+00  0.331987315436946E+00
  0.188543224639500E+00 -0.275136321011492E+00  0.137991278885446E+00
  0.554661699937187E+00  0.219590640213879E+00  0.248073698758350E-01
 -0.336220540111670E+00 -0.179423221267922E+00 -0.220199658982163E+00
  0.509354405889621E+00 -0.133038708107493E+00 -0.293199325188765E-01
  0.296425491665987E+00 -0.120213405762310E+00  0.333242711491901E+00
  0.461893339876302E+00  0.180928576105660E+00  0.207961899477542E+00
  0.254568544847309E+00 -0.232829569700728E+00 -0.214691088259326E-01
 -0.111876461046659E+00 -0.156687166411581E+00 -0.590445407536582E+00
  0.368669501596032E-01 -0.260595155705174E+00  0.439928616669376E+00
 -0.841409685547655E-01 -0.237826592704599E+00  0.139979644292609E+00
  0.603512243291526E-01  0.365354213792603E+00 -0.986185435546786E-01
  0.123918349983086E+00  0.617467177312206E-01 -0.629233426337941E-01
 -0.286041168459986E+00  0.478586321412508E+00 -0.979393838365097E-01
 -0.740707101550030E-01 -0.866099584367476E-01 -0.673647214627697E+00
  0.335490918121920E-01 -0.534588138059750E+00  0.105952702697511E+00
  0.977386824987004E-02  0.188761445737434E+00 -0.112119477769638E+00
 -0.133835456643120E+00  0.282524495473357E+00 -0.412477841927429E-01
 -0.306031531977643E+00  0.191943419402484E+00  0.320106876608913E+00
 -0.824792497824738E-03 -0.159482599528219E+00  0.586168985542527E+00
 -0.136612981694614E+00  0.154126768072067E+00  0.335734032828116E-01
  0.318325096994995E+00 -0.563954432946275E-01  0.337650813029691E+00
  0.829829118109427E-01  0.429467998957882E+00  0.234854346864666E+00
 -0.354258286723814E+00 -0.304497125219553E+00  0.111997197321462E-01
 -0.124560204171748E+00  0.195184056284930E-01  0.105093078669233E+00
  0.137327611239104E+00 -0.389877101713768E+00 -0.839910202529788E-01
 -0.337785627959422E+00 -0.467334279380842E-01  0.148173634235749E+00
 -0.354779198944441E-02 -0.272932677943155E-01 -0.376230782348331E-01
 -0.740139011245189E-01 -0.207830307919374E+00 -0.590225148770226E+00
  0.306972843577529E+00  0.337157597149146E+00  0.730907230796534E-01
  0.121263263279827E+00 -0.197477828610302E-01 -0.106411489751069E+00
  0.519341808213459E+00 -0.322811525071138E+00 -0.909015932855008E-01
  0.404131763002075E+00 -0.557753941047068E+00 -0.328576366629977E+00
  0.414232230824914E+00  0.395380538889048E+00 -0.136648552653987E+00
 -0.362555359629673E+00 -0.142444299581114E+00 -0.341955059916587E+00
 -0.107049901570164E+00 -0.556248386456262E-01 -0.237578415348602E+00
 -0.189760462335587E+00  0.292188627590421E+00  0.140204391537673E+00
 -0.213120818933387E+00  0.596335697821349E+00  0.144159434713526E+00
 -0.188451305711384E-01  0.377744135641780E+00  0.144527607893799E+00
  0.146242651835630E+00 -0.493736795943367E-02 -0.537793133701772E+00
 -0.940872998049462E-01  0.107480627512623E+00  0.145078430795431E+00
 -0.617126712073246E-01  0.706364553331871E+00 -0.227338982937482E+00
 -0.396382512273840E-01 -0.480449301059221E+00  0.332829614426204E-01
  0.204733634813174E+00  0.236720174595599E+00 -0.262317447956973E+00
 -0.188767806060512E+00  0.450040653931841E-01  0.291465201812193E-01
  0.512323831975057E+00  0.433391000284953E+00 -0.343354623391069E+00
 -0.656817094589883E-01 -0.194856872629803E+00 -0.324774352908100E+00
 -0.114297360734958E+00 -0.410573797294014E+00 -0.166998965239384E+00
 -0.260669758534586E+00 -0.209699508974057E+00  0.898513017124030E-01
  0.787419520303579E-01 -0.336029224565579E+00  0.197713770426874E+00
 -0.707825269355064E+00 -0.590924144221889E-01  0.419080271674217E+00
 -0.224903930551331E+00  0.485955020876690E-01  0.357456074891081E-01
 -0.330718341659052E+00 -0.154811432413381E+00 -0.147827949375064E+00
  0.103279535808349E+00  0.631869781919883E+00  0.121338219936426E-01
 -0.223387334886015E-01  0.242511444605738E+00 -0.441753440672547E+00
 -0.273487284176496E+00 -0.878827587897302E-01 -0.167165917838064E+00
 -0.978777536784904E-01  0.211378665202390E-01 -0.184475602383036E+00
 -0.307480401920867E+00 -0.722742286483354E+00 -0.481430585243969E+00
 -0.127068733692590E+00  0.126066352301602E+00 -0.115773453695953E+00
  0.250016942764219E+00 -0.387340436804734E+00 -0.321776654020222E+00
 -0.501235691576101E-01 -0.510941549203885E+00  0.582087164031862E-01
  0.248271756992168E+00 -0.699029833844796E-01  0.164726429362867E+00
  0.702366565141369E-01 -0.277019252449806E+00  0.109780909137539E+00
 -0.246336167142470E+00 -0.229844313931297E+00 -0.348266657535960E+00
  0.626537724997964E-01 -0.186122727315957E+00  0.447436331023935E+00
  0.628686224278141E-01 -0.118975499218325E+00  0.426465899256427E+00
  0.192540212354687E+00 -0.271277769222745E+00  0.305588713870400E+00
  0.169370334218041E+00  0.347841928485348E+00 -0.121094937601173E+00
 -0.278208716273609E+00  0.114081218208549E+00 -0.181150292422251E+00
 -0.110798738536964E+00  0.377537176445572E+00 -0.397526534895810E+00
 -0.193099687499419E+00  0.441328664810747E+00 -0.268464070133951E-01
  0.227265220085123E+00 -0.313823635326601E+00 -0.372933661979722E+00
 -0.630130757612532E-01 -0.213087464697899E+00  0.300610869162012E+00
 -0.407888532253758E+00 -0.238833805610950E+00 -0.366471827615053E+00
 -0.148945379469082E+00 -0.183372874187520E+00  0.204663521226632E+00
 -0.210711135221232E+00  0.557700743913991E+00 -0.251668549426299E+00
  0.331026743494606E+00  0.237975483928130E+00 -0.153587003982127E+00
  0.427992951647309E+00  0.426181761738908E+00 -0.284914613114001E+00
  0.147299605205701E+00 -0.150721897096926E+00 -0.717435486696577E-01
 -0.191033130690693E+00 -0.456424470416188E+00  0.153214375796559E+00
 -0.278842602520530E+00  0.624372131793091E-01 -0.238659800891847E+00
 -0.271889151250452E+00 -0.184051013522304E+00  0.747886181427926E-01
 -0.435619631736369E-01  0.220989838410325E+00 -0.483050047027721E-01
 -0.167202366791185E+00  0.409689454619861E+00  0.883752546103948E-01
  0.134074015768848E+00  0.408319484866076E+00 -0.106234533487869E+00
  0.923386584281996E-01 -0.522055785080869E+00  0.143220512449221E+00
 -0.494243396817393E-02  0.113687095812016E+00 -0.147398622751340E+00
 -0.223544691108193E+00  0.416022962779058E+00 -0.167471824843917E+00
  0.581794357607350E+00 -0.168248435722369E-01  0.300064912337053E+00
 -0.679936197922424E-01  0.577284073726385E-01  0.200695492256729E+00
 -0.333146893537686E+00 -0.277385824572978E+00  0.987547644807323E-01
  0.253989103910766E+00 -0.133147559970913E+00 -0.889997432389096E-01
  0.434354304550510E+00 -0.107249408744048E+00 -0.382291926295282E-01
  0.435579654277176E+00  0.204017865310155E+00  0.497496344850047E+00
  0.335382026869602E-01 -0.390781795167588E+00  0.330758509254858E+00
 -0.222720752153357E+00 -0.782181150544563E+00  0.249229902587967E+00
  0.298151483611731E+00  0.239555424865830E+00  0.452549576049357E+00
 -0.212756484268305E+00  0.122156824632382E+00 -0.333827116225684E+00
  0.199296580283035E+00 -0.442537353178408E+00 -0.943098078587916E-01
  0.106952939529974E+00  0.822372379079064E-02  0.652608115051292E-01
  0.115362755840605E-01 -0.797691774381396E+00 -0.508529646079765E+00
  0.449407381772095E-02 -0.216818352094904E+00 -0.188477595053823E+00
 -0.449439115425005E+00 -0.159170842809031E+00 -0.514538778381002E+00
  0.949817018084539E-01 -0.150341071178427E+00 -0.369664291566248E+00
 -0.542939583619775E-01 -0.220834823521904E+00 -0.296347900351621E+00
  0.485695169102533E+00 -0.189768600846655E+00  0.507788148405699E-01
  0.414673743864360E-01 -0.704324341192740E+00  0.214642970150525E+00
 -0.334158234009474E+00 -0.205490906616680E+00  0.166777632088642E+00
  0.119309235338939E+00  0.307052294237613E+00  0.518412301888148E+00
 -0.357744583443557E+00 -0.364569913454999E+00  0.298754577676663E+00
  0.858024617726105E-01 -0.158657422521483E+00 -0.225899382673784E+00
  0.675495942486709E-01  0.131296142619044E+00  0.216928073985330E+00
 -0.154609949260690E+00  0.120958497686254E+00  0.157573468649611E+00
  0.383104204426475E+00  0.403296913093703E+00 -0.158666244565581E+00
 -0.250918452850450E+00 -0.133123486039318E+00  0.322519074049200E-01
  0.639538288671366E-01  0.423137506779851E-02  0.159908005942539E+00
 -0.410860786863466E+00  0.156785394421941E-01 -0.603755203438323E+00
 -0.168555556809006E+00  0.149905822452761E+00 -0.131774716761069E+00
  0.106474200591177E+00  0.258902055088861E+00  0.191845671457790E+00
 -0.166092597192117E+00 -0.273796064616183E+00  0.182313882911153E+00
 -0.296238637610210E+00  0.474932951351091E+00  0.302959477531255E+00
 -0.316166116193228E+00  0.361483389039103E+00 -0.501699193967565E+00
  0.147022326756044E+00 -0.727590758621115E-01 -0.232009455869109E+00
 -0.208325235522347E-01 -0.136873275012444E+00  0.334817909798901E+00
 -0.134530031355198E+00 -0.713174109797905E-01  0.243288166100084E+00
  0.115933964914859E-01  0.120905301606104E+00 -0.396186298108107E-01
  0.116442865871063E+00  0.829362472869949E-01  0.645576054669075E-01
 -0.239673601823367E+00 -0.751378388244050E-01  0.347487943744938E+00
 -0.976810471239263E-02 -0.295318739330092E+00 -0.541819859772410E-01
  0.187790789499438E+00 -0.269015386226512E+00  0.282361085481403E+00
  0.123016088154597E+00  0.749406838544109E-01 -0.132948250807422E+00
  0.316657755703508E+00  0.172177178988223E+00 -0.527402219528232E+00
  0.421471234974812E+00  0.550740205886841E-01  0.274732921735726E+00
 -0.171817774423882E+00  0.236625561643751E-01  0.148699066595805E+00
  0.594434771921669E-01 -0.291994693062019E+00 -0.277847234106626E+00
 -0.234305842634902E+00  0.240441600567376E+00 -0.209089526282448E+00
  0.123641252833757E+00  0.599267590643474E-01  0.287635533695715E+00
 -0.431077209933972E+00  0.113454387196192E+00 -0.323732682212853E-01
  0.101537686829071E+00  0.498742286523199E-01  0.340007178582167E+00
  0.437682176115541E+00  0.968426289333128E-02  0.555710294609864E+00
 -0.124559558146360E+00  0.600824775935924E-01  0.208557649157081E+00
  0.122729942187459E+00 -0.870217573383995E-01  0.781474946247971E-01
  0.114647591760586E+00 -0.231409870534624E+00  0.225261534075068E+00
 -0.325800622236548E+00 -0.293930965106588E+00 -0.224034381135382E+00
  0.273957930451127E-01  0.147475301512220E+00 -0.672115279711237E-01
 -0.103997941530427E+00  0.905490508706622E-01 -0.230286867679664E+00
 -0.165550614999024E-01  0.423817490491413E-01  0.289503068583244E+00
 -0.944340735889972E-01 -0.284351111461060E+00 -0.358164886070716E+00
 -0.131572023165263E+00 -0.362975829819179E+00 -0.305223998305566E+00
 -0.106867169473767E+00 -0.368745380208757E+00  0.764662737382090E-01
 -0.215529669281960E+00  0.333605075817784E+00 -0.277018749194601E-01
 -0.144482910312989E+00  0.223208444246520E+00  0.483920044502359E-01
  0.293019694234262E-01 -0.112198907644190E+00 -0.311134383810401E+00
 -0.390283658001004E+00 -0.102588400883341E-01 -0.208330096730076E+00
 -0.211957648316487E+00 -0.132384986328019E+00 -0.511994307540283E-01
  0.283852356203254E+00 -0.520263607829044E-01 -0.674017990455731E+00
 -0.213378765486045E+00 -0.832861104417085E-01 -0.360320763122311E+00
 -0.133273489562198E+00 -0.113281187065009E+00  0.132743018614171E+00
 -0.591670574279330E-02  0.105414887663967E+00  0.504083990997064E+00
 -0.802016390621199E-02 -0.157047394204613E+00 -0.285710518208762E-01
  0.402416922589007E+00 -0.143894078328002E+00  0.387534136816572E+00
  0.459735667994391E-01 -0.365501487427503E+00  0.963903008296981E-01
  0.112863808629597E+00 -0.174859488923390E-01  0.264810140365953E+00
 -0.107934778987394E+00  0.218109186220431E+00 -0.220900163062489E+00
  0.222588816806896E+00  0.211315367851900E+00  0.226392344791913E+00
  0.487686265577455E-01  0.903786753933402E-02 -0.540186658096242E+00
 -0.116662756689782E+00  0.314963817172932E+00 -0.203146288179339E+00
 -0.355527058932672E+00 -0.128309454641773E+00 -0.838515119538918E-01
 -0.203846748062917E+00 -0.283797616420953E-01 -0.700415598270505E-01
 -0.349310130748931E+00 -0.393549950121907E+00 -0.184607908751775E+00
 -0.190412406997333E+00  0.544967813147861E+00 -0.529563647581509E-02
 -0.198200347054840E+00  0.914289570760178E-01 -0.254964136252546E+00
  0.255322268667748E+00  0.705845958026976E-01  0.115168538649550E+00
  0.403210601514636E-01 -0.660510767516299E-01  0.227677304864854E+00
  0.346198412244457E-01  0.443690150618803E+00 -0.193178090929573E+00
 -0.370261886957143E+00  0.223452702925418E+00 -0.568526124238919E+00
 -0.108540330204440E-01  0.272480214230894E+00 -0.177573368384285E+00
  0.397316717193911E-01  0.711942716346214E+00  0.373905516358864E+00
 -0.120691112723547E+00  0.334991055592885E+00 -0.219269682918277E+00
  0.226626046492190E+00  0.846805293822653E-01 -0.164803881217538E+00
  0.362809883786657E+00  0.435976496501914E+00 -0.332162359115304E-01
  0.586394638897976E+00  0.220314384057491E-01  0.352756648790811E-01
  0.111252551223875E+00  0.101637426131478E+00 -0.397472302992048E-01
 -0.142581030434271E+00 -0.171792216798754E+00 -0.144296064933354E+00
  0.106410175575102E+00 -0.123708624489315E+00 -0.331454604640641E-01
 -0.125448644929757E+00  0.141659330411984E-01 -0.261770333480919E+00
  0.341624324727434E+00 -0.213185909623499E+00 -0.162886518743902E+00
 -0.181506291288025E-01  0.656354084503493E-01 -0.465953721583863E+00
 -0.800490039429332E-01  0.402118192608371E+00 -0.229696172563765E+00
 -0.264860268874551E+00 -0.812203954888896E-01  0.794536583419606E-01
  0.199972851265250E+00  0.378889471478416E+00 -0.454658547787951E-01
  0.150959118453755E+00 -0.305234084065837E+00 -0.119369331815150E+00
 -0.405011856676387E-01 -0.305715100225668E+00 -0.159388363708671E+00
 -0.370281651749025E+00 -0.105887517063476E+00 -0.174422395882438E+00
 -0.350186066027902E-01  0.255597601440748E+00 -0.279552254484823E-01
 -0.309941729131037E+00 -0.158709274268691E-01  0.192935434676695E+00
 -0.648715467460112E+00  0.643088384576034E+00  0.114784675068797E+00
  0.923622498861871E-01  0.372405929922859E+00 -0.419437047838082E+00
 -0.469481446555258E-01  0.273134486631866E+00  0.489228599283900E-02
  0.165181243406723E+00  0.199614533871018E+00  0.542546427819166E+00
 -0.474502309597269E+00 -0.434504218711485E+00  0.380097624621980E+00
 -0.711877368834400E-01 -0.994444966248407E-01  0.342804166232283E+00
 -0.149319863263813E-01  0.395095827992584E+00 -0.206022937692594E+00
 -0.356958970351798E-01  0.182024027162076E+00 -0.867823839735461E-01
  0.720419950500457E-02  0.811871064262759E-01  0.177258547616535E+00
  0.298546856004839E+00  0.334215854158381E+00 -0.156410290923126E+00
 -0.284975599006893E+00 -0.301222398493214E+00  0.171738959600740E+00
 -0.220963052740587E+00 -0.502124652566333E+00 -0.150057945376786E+00
 -0.486843414504382E+00 -0.878400738457118E-01 -0.167379584124795E+00
  0.575528801070846E-01  0.189858215118502E+00 -0.682388927708386E-01
  0.314684199650434E+00 -0.727350789969820E+00  0.268598475574086E+00
 -0.143917540867847E+00 -0.554842013271598E+00  0.304554455290830E+00
  0.465263578226383E-01  0.232627312239745E+00  0.380412585482084E+00
 -0.398617802188390E+00 -0.837709395194564E-01  0.198816088230613E+00
  0.700265356266115E-01 -0.142361473231958E+00  0.248802400929186E+00
  0.549432948399005E+00 -0.295367992740579E+00 -0.366954536641952E+00
  0.181405755224995E+00  0.384182989547839E+00 -0.135548285102605E+00
  0.170994114083551E-01  0.341937815459075E-01  0.147223629165331E+00
  0.249490379648639E+00  0.809354841901643E-02 -0.503371308089597E+00
  0.628324472475079E+00  0.290028865642778E+00  0.233245861622352E+00
  0.204872532658284E+00 -0.137361475399642E+00  0.188937173588151E+00
  0.192337137722334E+00 -0.108856696702883E-01  0.118450633760691E+00
  0.115141688817960E+00 -0.325779309933612E+00  0.338804347594148E-02
  0.393606881693991E+00 -0.184584740425613E-01 -0.214999048205174E+00
 -0.571595378855186E+00  0.464920853222804E+00  0.414468863494165E+00
 -0.212573972538671E-01  0.143137694164974E+00 -0.559484387737357E+00
  0.209021984754273E+00 -0.385183694818598E+00 -0.505547991665115E-01
  0.251962759368960E+00  0.284040570011852E+00 -0.385651266897155E+00
 -0.713937884521035E-01  0.138523137758244E+00  0.218692119397710E+00
 -0.197212198493977E+00 -0.117662915214867E+00 -0.364108356231285E-01
  0.573538755776340E+00 -0.540736570434170E+00 -0.537926560751427E+00
 -0.226968106200004E+00 -0.249460288326577E+00  0.300941355153220E-01
  0.104715332223994E+00  0.589378793455121E+00  0.686560026983362E-01
  0.190805220856766E-01 -0.726099050102229E-01  0.652825977178908E-02
 -0.264502496001747E+00 -0.126269535777066E+00  0.124891642145772E+00
  0.212199030054780E+00 -0.261983457743598E+00 -0.437106379196812E+00
  0.864670570944308E-01  0.152349718647011E+00 -0.438301057000555E+00
 -0.232319928237886E+00  0.110630667869994E+00 -0.139730223545720E+00
 -0.526886529338855E+00  0.485938436444221E+00 -0.377985455206684E-01
  0.640153483858293E-02  0.350686391095299E+00 -0.182486092291587E+00
  0.235188231607165E+00 -0.307848803293933E-01 -0.101810785682222E+00
  0.280794813694601E+00 -0.257622902760595E+00 -0.146305568412744E-01
  0.221760360855003E+00  0.429834902979890E+00 -0.232150802266172E+00
 -0.766985618416610E-01 -0.114525106359317E+00 -0.110293132184699E+00
  0.316780093870066E+00  0.146641099682066E+00  0.182094506997940E+00
 -0.588420480062804E-01 -0.398194992851038E+00 -0.243015528037376E+00
  0.275122255710360E+00 -0.178173187979166E+00 -0.423908752673728E+00
  0.203161319985517E+00 -0.113305062293119E+00 -0.343759471408225E-01
  0.274210775022202E+00 -0.211921552160828E+00  0.442756016519378E+00
 -0.210665379622436E+00 -0.265283738632599E-01  0.241653468831082E+00
 -0.302347532900740E+00 -0.370437402805922E-01  0.325662641468146E-01
 -0.296213852968499E-01 -0.346457597839723E+00 -0.160774378202133E+00
 -0.319660365598222E+00 -0.162744565834449E+00  0.161821471372012E+00
 -0.177004940687619E+00  0.147249797224458E+00 -0.885862963408447E-01
 -0.358796780426007E+00  0.618174925766873E-01 -0.229131011510639E+00
  0.368416192851067E+00  0.169046545767784E+00  0.306979668417047E+00
  0.222737449298936E+00  0.464827578543341E+00  0.578585516081140E+00
 -0.498271220958981E+00 -0.197760910731054E+00 -0.717941806140960E-02
 -0.383766566080149E+00 -0.532747528172613E+00 -0.144372650779914E+00
  0.818412261219710E-01  0.108453192169577E+00  0.726134932924169E-01
 -0.163205352783291E+00 -0.265505599801952E+00  0.457418669478909E-01
 -0.932819270364972E-01 -0.219967544356312E+00 -0.174641687020861E+00
 -0.196511839567749E+00 -0.301741477477476E+00  0.963723799967841E-01
 -0.808741800365120E-01  0.310860181909442E+00 -0.719664556021669E+00
 -0.290708563646408E-02 -0.845018952436088E-01 -0.116576923441052E+00
  0.318542421640589E+00  0.462091755286073E+00 -0.381042127122408E+00
 -0.334716967893546E+00  0.301832170552083E+00  0.509527789996931E+00
 -0.453924266773205E+00  0.316198091336528E+00  0.477730019111759E-01
 -0.599322747502854E+00 -0.948847781065504E-01 -0.278671967405645E-01
 -0.540626794262537E-01  0.147912279769235E+00  0.912340681669141E-01
  0.179211036405538E+00  0.513088758512504E+00  0.226288993650437E-01
 -0.105703524849789E-01  0.466643359847493E+00  0.926798991105412E-01
 -0.557041661614058E+00 -0.124383472771239E-01  0.171546741342312E+00
 -0.219140340173914E-01 -0.684649324536355E-02 -0.225055305384176E+00
  0.229902643042017E+00  0.220697925427583E+00 -0.116006577498603E+00
  0.295015709714787E-01  0.464275757047039E-01  0.189872722867969E+00
 -0.134361948885532E-01 -0.946199454274869E-01  0.530617653899660E+00
 -0.707323339406713E+00  0.237460770163193E+00 -0.747430104263945E-01
 -0.570953070695106E+00  0.154106805108265E+00  0.111797438310623E+00
 -0.922214987557200E-01 -0.716560681806336E-02 -0.326477569486370E+00
 -0.171773683737093E+00 -0.125090367632279E+00 -0.202475225289582E+00
  0.176948194463954E+00  0.208116157463325E+00 -0.211878944893551E+00
 -0.440087658746446E+00 -0.709948479714614E-01 -0.750013895857646E+00
 -0.295072261870235E+00  0.281352206015291E+00  0.282358463121371E+00
  0.608808089061417E+00 -0.274803941843471E+00  0.673341418809570E+00
 -0.157576555421082E+00 -0.106015275228920E+00  0.447057957032047E+00
 -0.536713042115035E+00  0.261165097569759E+00  0.113586345747347E+00
 -0.179519531096601E+00  0.252268666253171E+00 -0.378990228445567E+00
 -0.222921843758672E+00 -0.201360100514464E+00  0.177467514624209E+00
  0.982800576623278E-02  0.776239364377957E-01  0.398110163726869E+00
  0.226102911874412E+00  0.294163729328195E+00  0.308359274101399E+00
  0.924052852958341E-01 -0.484536328839577E-01  0.204489538856377E+00
 -0.142929690679377E+00 -0.269078691830344E+00  0.267320985165420E+00
 -0.402939217091419E+00 -0.252107688966696E+00 -0.322819071478680E+00
 -0.502006805663002E+00 -0.173187229457969E+00  0.761541553258013E-01
  0.237313953163104E+00 -0.418079835673158E-01  0.273038135881115E+00
 -0.110397235071843E+00 -0.117937125173085E+00  0.338245407908201E+00
  0.794111827967902E-01 -0.283601120440299E+00 -0.462703468504874E+00
  0.108115293546889E+00 -0.487265455877251E+00 -0.523010566723530E+00
  0.407203450568114E+00 -0.195982491811535E+00  0.221015298418612E+00
 -0.397137309945407E+00 -0.273517553639965E+00  0.156936655493643E+00
 -0.279208436450707E+00 -0.529006441670691E+00  0.815676927164982E-01
 -0.575155107073913E-01  0.138500632709737E+00 -0.711227416913413E-01
 -0.870191689961646E-01 -0.139883583451516E+00  0.458996054896283E+00
 -0.392353095071400E+00 -0.103129595034737E+00  0.718636619551953E+00
 -0.181223099394504E+00  0.337043514393704E+00 -0.179641810166086E+00
 -0.528484167524472E-01  0.483742545349007E+00 -0.159156643212308E+00
 -0.215350256409850E+00 -0.178226944403719E-01 -0.178776855952227E+00
 -0.428799149103102E+00  0.119196836271308E+00 -0.287222169273638E+00
 -0.639381306727507E-01 -0.276535430693690E+00 -0.181562365849336E+00
 -0.197359169745995E+00 -0.166666153260514E+00 -0.131203013902743E-01
  0.216940504100760E+00 -0.146715087945924E+00 -0.288094662266086E+00
  0.856006347147677E-01 -0.391799092219289E+00  0.139439529214401E+00
  0.407310285390155E-01  0.838283516393142E-01  0.264723265646830E+00
 -0.126195087729288E+00  0.315708644800396E+00 -0.144724928086829E+00
  0.123735534196513E+00  0.384070291717538E+00 -0.214095729707381E+00
 -0.218127927866243E-01  0.999633923591094E-01  0.885785129214653E-01
 -0.167044459219938E+00  0.367603966279407E+00  0.228350639628488E+00
 -0.311224852938849E+00  0.406382887185921E+00 -0.238409945292901E+00
 -0.674803751378057E-01  0.409007423731656E+00 -0.210980937535745E+00
 -0.608196746055641E+00 -0.706390639416134E-01  0.360348345867522E+00
 -0.210610056078438E+00 -0.170680360792149E+00  0.202031655670520E-01
 -0.376039321486480E+00  0.247065799498238E+00  0.167067537094485E+00
  0.278333499347321E+00 -0.264637649269642E+00 -0.334985394670367E-01
 -0.337600675001919E+00  0.840720480263093E-01  0.181176960905584E+00
 -0.841109030357305E-01 -0.186153916046897E+00  0.159329194692109E-01
 -0.211148586173890E+00 -0.136128651582359E+00  0.333984736018815E+00
 -0.378491255350200E+00  0.324348964753722E+00  0.202461159907227E+00
 -0.216842245240117E+00  0.956866206574886E-01 -0.252351685856814E+00
  0.950342028617995E-01  0.222177587324775E+00  0.107510538001740E+00
 -0.502731739031327E+00  0.133189315219149E+00 -0.117305472949439E+00
  0.151337906268092E+00  0.366340872613062E-01  0.278445826162972E+00
  0.691666957148838E-01 -0.750090679220467E-01  0.583262556906070E+00
  0.304157189088411E+00  0.180337077218579E-01  0.764542912815686E-02
 -0.151172731445214E+00  0.259126711124393E+00  0.230871076552289E+00
 -0.550397339684505E-02  0.176049441595506E+00  0.191558647773815E+00
 -0.576956213472228E+00 -0.255344940253187E+00  0.555197277178184E+00
  0.113432086897033E+00 -0.103473569650388E-01 -0.876575271424867E-01
  0.165950893962403E+00 -0.134312173255712E+00 -0.125561003194435E+00
  0.211216000550585E+00  0.143333275289680E+00 -0.359096831707660E+00
 -0.245417489895838E+00  0.175778286946170E+00 -0.132943436024281E+00
 -0.771190202121262E-02  0.103061577386932E+00 -0.483855426809799E+00
 -0.137079118460717E+00 -0.734575166120296E+00 -0.276867569159986E-01
  0.526165508523841E+00 -0.321227136558068E+00  0.230256982500635E-01
 -0.270238025805017E-01  0.522537478211388E-01  0.436509905157013E+00
 -0.762093088922804E-02  0.380861444242579E-01  0.471432968207720E+00
 -0.537894594874619E+00  0.114615581138082E+00  0.228277669128793E+00
  0.347979261040213E+00  0.113953831452590E+00  0.466666783018457E+00
  0.276785105547733E+00  0.292757406665077E+00 -0.232962881990422E+00
 -0.491825050490571E-01  0.720678440238497E-01  0.272934418595256E-01
 -0.273819121583860E+00 -0.262065027657807E+00  0.345948411164100E+00
  0.195913407268537E+00  0.406432246504920E+00  0.227228588685357E+00
  0.244738579273614E+00 -0.112809779543747E+00 -0.307094205620592E-01
 -0.411395219449266E+00 -0.491685454971736E+00 -0.618321176042302E-01
 -0.333063847514409E+00 -0.343937730299277E+00 -0.100234523275330E+00
 -0.906121566751488E-01 -0.292212169736926E+00  0.191288308129070E+00
 -0.477902602332310E+00 -0.441450095074148E+00  0.664248276640558E+00
 -0.153398073236252E-01 -0.520706032213517E+00  0.156906433212755E+00
 -0.689459556752790E+00  0.183929680166045E+00  0.907630150339779E-01
 -0.155151003361216E-01 -0.591675186089824E-01  0.159761767386624E+00
 -0.166371997194042E+00  0.163895136504141E+00 -0.364995805661709E+00
  0.000000000000000E+00  0.000000000000000E+00  0.000000000000000E+00
  0.140419780132625E+02 -0.700370539528879E+01 -0.385593744537770E+01
  0.154904984194046E+02  0.140230439686895E+02  0.132904332974757E+02
  0.259079604542946E+01 -0.602738900787734E+00 -0.612869314909343E+01
  0.811461603797526E+01 -0.169390616306933E+01 -0.549328569628913E+01
 -0.565561455320149E+00 -0.101435398089155E+01 -0.139704012481856E+02
  0.187041502226571E+02  0.549642004073076E+01 -0.564713134998845E+01
  0.901491258541233E+01  0.877265378797268E+01 -0.118534899857516E+02
  0.309705074860980E+01  0.866952717945932E+01  0.261644309532743E+01
  0.127644970922648E+02  0.347494231376922E+01 -0.115740655692852E+02
 -0.100800976858708E+01 -0.146058509107880E+02 -0.472771488967503E+01
  0.814167997213799E+01 -0.568222085932969E+01 -0.124210274581026E+02
  0.182572281868526E+02 -0.112888334067956E+02 -0.119958896815599E+02
  0.793210302295125E+01  0.840977076104544E+01  0.117056038180647E+02
 -0.439986510966588E+01 -0.130216907642480E+02 -0.134949027757939E+02
 -0.117368530650029E+02 -0.724122907600636E+01  0.203971432687291E+02
 -0.128774707835172E+02  0.149965316112448E+02 -0.747000757635742E+01
  0.701522302633004E+01  0.584010502849166E+01  0.186711164965264E+02
  0.100529376430260E+02 -0.826086280367078E+01  0.121893424432876E+02
  0.155418795559621E+02  0.967780105386318E+00  0.231811657733212E+01
 -0.455918641958076E+01 -0.229566469210926E+01 -0.102084346735739E+02
  0.142456168221526E+02  0.768417434390529E+01 -0.736096163510331E+01
 -0.124771880393998E+02 -0.392318785357577E+01 -0.100728871729554E+02
  0.211482764976549E+02  0.429643040999466E+01  0.225377020156383E+01
 -0.177878822539512E+02  0.551110112444539E+01 -0.132017311521603E+01
 -0.364238497546322E+01 -0.156505448555359E+02 -0.800596468516556E+01
  0.133888474767890E+02 -0.134306164558948E+02 -0.132059753042697E+02
  0.160815933165864E+02  0.109235254089935E+02 -0.112709419387848E+02
  0.150048739833430E+02 -0.120148197663066E+02  0.980389359386141E+01
  0.137573456262819E+02  0.730863872298601E+01  0.509024373234586E+01
 -0.119511849163698E+02 -0.175770493880061E+02 -0.498047577600209E+01
  0.134862990749600E+02 -0.297201494458822E+01 -0.451163252259192E+01
  0.116974892233139E+02 -0.134753688965499E+02  0.340804328998358E+01
 -0.515581928442161E-01 -0.119474001088211E+02 -0.935486152847089E+00
  0.198237901802893E+02 -0.153439448409768E+02 -0.100481321380565E+02
 -0.178255707565115E+02 -0.176376192633972E+02 -0.950186282144239E+01
 -0.283193361068463E+01  0.901087643851212E+00 -0.197405607898692E+00
  0.207422014904156E+01  0.658514874101768E+01  0.813217535243881E+01
  0.263632493214231E+01  0.140846062899465E+02  0.257906352687520E+02
  0.627039124104982E+01  0.938490886539292E+01 -0.867028131680987E+01
  0.127173815133860E+02  0.155587579084212E+01  0.199167163991991E+01
  0.212254245458642E+02 -0.299542747799063E+00  0.107777269406147E+02
 -0.134457885284946E+02  0.256139145625179E+01  0.151095217333966E+01
 -0.173476979364362E+02  0.155817022524470E+02 -0.127660798558168E+02
  0.639249473517288E+01 -0.567577983215497E+01  0.111637415322648E+02
 -0.860009137261156E+01  0.121905263845098E+02  0.594123041223428E+00
 -0.133010599140531E+02 -0.331706558019483E+01 -0.270541118386980E+01
 -0.123102907928386E+02 -0.194886321728470E+02 -0.366245775802534E+01
  0.875056511320562E+01  0.100969332419625E+02 -0.229490784653337E+01
 -0.100714409777008E+02  0.106070441906229E+02  0.150679114031245E+02
 -0.160762877425797E+02  0.107436812264022E+02 -0.238794702037697E+01
  0.719104053769197E+01 -0.170926140408878E+02 -0.455623904587124E+01
 -0.670481853658735E+01  0.328151361526905E+01  0.946197369074951E+01
 -0.215771437350126E+01 -0.132306301744741E+02  0.604111690676455E+01
  0.374698649431331E+01  0.103160903175200E+02 -0.157118956748069E+01
 -0.533127438561864E+01  0.433576696648776E+01  0.430028956058348E+01
 -0.137477852041546E+02  0.289605926420810E+01 -0.807894882696974E+01
 -0.584742417223708E+01  0.971490302650201E+01 -0.273250902371815E+01
  0.105091881208244E+01  0.820861972109274E+01  0.407459348435710E+01
  0.310254908539259E+01 -0.842269239996989E+01  0.116192821756054E+02
  0.118387047194707E+02  0.173179743158231E+02  0.525845826217092E+01
  0.670793684368031E+01 -0.159736367930643E+02 -0.431133068748884E+01
 -0.619374604603515E+01 -0.216274808358995E+01 -0.107608922158424E+01
 -0.106599395500214E+02  0.406395576992243E+01  0.162287730132673E+02
  0.613670283453589E+01  0.111853133870078E+02 -0.701510778045098E+00
 -0.203003921470979E+01  0.144227244041915E+02 -0.860511120403319E+01
 -0.170379480843860E+02 -0.105830580548528E+02 -0.704373872907402E+01
 -0.120178741666803E+01  0.175506086377061E+02 -0.158556625358191E+02
  0.671782193133779E+00  0.150384254447098E+02  0.471848914310252E+01
 -0.360865344691041E+01 -0.904935708808923E+01  0.306596460523225E+00
  0.147470079339026E+02 -0.124190506415552E+02  0.719975274771521E+01
  0.131142595056927E+02 -0.146673048595798E+02 -0.320383886144131E+01
 -0.124419628269035E+02 -0.532042101967616E+01 -0.229082965538491E+01
 -0.661164578513920E+01 -0.101109469845994E+02 -0.738054013454701E+01
  0.135499244224271E+02  0.309044882768987E+01  0.160876757383352E+02
  0.348423655256950E+00  0.159136371114732E+01 -0.867278929760655E+01
  0.474988699373112E+01  0.119869805320349E+02 -0.128988133121938E+02
 -0.232745493016846E+02  0.761330507551042E+01 -0.650834471999123E+00
 -0.129671315582238E+02  0.587137660465307E+01 -0.510579349628369E+01
 -0.630306250722099E+01  0.717109191107477E+01  0.697167145805972E+00
 -0.160711990580414E+02 -0.423726237012322E+01  0.760693718981183E+00
  0.135689111332624E+02  0.447629051163817E+01  0.666755615331578E+01
  0.127238895328371E+02  0.397300539081294E+01 -0.678881273005269E+00
  0.701537436742473E+00 -0.120891361249942E+02  0.952243410804237E+01
 -0.454801143500558E-01  0.123569438269949E+02  0.132959534858870E+01
 -0.233328914722340E+02 -0.415134984130886E+01 -0.127797906414296E+02
  0.143920491864699E+02  0.860131697937818E+01 -0.172459611134540E+02
 -0.205994978941896E+01  0.126305118902059E+02 -0.597532142854422E+01
 -0.121496980802373E+02  0.135554317041668E+02  0.163538832549752E+02
  0.141560060923292E+02 -0.426634203919397E+01  0.122823948645422E+02
 -0.110030639929500E+02  0.424542873508057E+01 -0.187788120460203E+01
 -0.136638569880935E+02  0.237061620647729E+01  0.230923441161200E+01
 -0.401985933936420E+01  0.185505176940865E+01  0.835099293766841E+01
 -0.904590579703343E+01  0.488971604456246E+00  0.208003834739521E+01
  0.542761284464454E+01 -0.107776304606811E+02 -0.840610959764338E+01
  0.577596021890936E+00 -0.100287346333551E+02  0.585454284331239E+01
 -0.532699943028557E+00 -0.630417213286736E+01 -0.121869148620722E+01
 -0.194677737940375E+02  0.201490456670648E+02  0.167498176507789E+02
 -0.133852003059111E+00  0.327570880021484E+01  0.173242126387568E+02
 -0.219725815541726E+01  0.959874994922404E+01  0.180637962357334E+02
 -0.163300155258508E+01  0.722131775618156E+00  0.390445292654066E+01
  0.104780126725121E+02 -0.758969050490908E+01  0.726618003432408E+01
  0.136219187275119E+02  0.918363286808720E+01 -0.301520922062302E+01
 -0.278036317761774E+02  0.905272257150825E+01 -0.107179904759532E+02
 -0.415906204981578E+00 -0.529875905597866E+01 -0.166558016724073E+02
  0.859688791461036E+01  0.129357981119858E+02  0.226674504138490E+01
  0.490109798922014E+01  0.593090330276683E+01  0.135080285567420E+02
 -0.307454433406283E+01  0.354864244760660E+01 -0.789590060842877E+00
  0.977144426953126E+01 -0.198254722601569E+01  0.110604214845082E+02
  0.242238778740150E+01 -0.635063739102668E+01 -0.138655800886525E+02
 -0.141546257094948E+02  0.739759909983579E+01 -0.182928831150039E+02
 -0.471387173875319E+01 -0.114281094602418E+02 -0.505078519424702E+01
  0.274423096718788E+01  0.134802081246091E+02  0.129508056325823E+02
  0.354788214763833E+01 -0.154520216500288E+02 -0.146768566785781E+02
  0.167225373491277E+02  0.621099904647975E+01  0.109656855276899E+02
 -0.187500508996307E+01  0.118451020297292E+01  0.944839136701533E+01
 -0.175962639925181E+01  0.110678674817143E+02 -0.993054428853614E+01
  0.880813014918163E+01 -0.799595093221924E+01 -0.113996745524095E+01
 -0.286926949506880E+01 -0.106564741744324E+02 -0.100262931140016E+02
  0.147537305294822E+01  0.169175268638428E+02  0.102220695982103E+02
  0.266682519115792E+01  0.199614984115755E+01 -0.173421103208072E+01
 -0.116626489209814E+02 -0.920375264160625E+01 -0.186547294449872E+02
 -0.128043864747228E+02 -0.208237828202357E+01 -0.443271772807356E+01
  0.675337354512946E+01 -0.356283232361251E-01  0.321763368131343E+01
  0.122295776882498E+02 -0.132291602505070E+02 -0.519643200852554E+01
 -0.740803771203476E+01  0.621158636785850E+01 -0.106823668383878E+02
  0.191825004364147E+01 -0.425030569944640E+01 -0.345069061207489E+01
  0.117053433588219E+02 -0.191315318378374E+02  0.357974252748866E+01
 -0.246572232932668E+01 -0.625223462136724E+01 -0.148782456718011E+02
 -0.108642829861749E+02  0.756394043502664E+01  0.889211066946390E+01
 -0.794922172743745E+01 -0.712980598206478E+01 -0.108047497491622E+02
  0.120758193684507E+02 -0.179065760805258E+02 -0.131060821350849E+02
  0.133546275030874E+02 -0.453618583955090E+01  0.553825340119042E+01
 -0.391821658656616E+01 -0.172544408314853E+01  0.314936257232831E+01
  0.455287316957116E+01 -0.973783537586038E+01 -0.128852935211600E+02
 -0.334935373843787E+01  0.151799090112247E+02 -0.501333989131231E+01
 -0.127416010434808E+02  0.266952906776026E+01  0.135249487905221E+02
  0.214530372716907E+02  0.733770771778158E+01  0.365394809618964E+01
  0.710708399395545E+01  0.127442823196195E+02  0.105751300334183E+02
  0.591688098026556E+01 -0.110722020653535E+02  0.762826940692731E+01
  0.104556569085612E+02 -0.120064241263806E+01 -0.740626804797780E+01
 -0.733068376203302E+01  0.139882041299208E+02  0.118886930411980E+01
 -0.174046792451043E+02  0.138583795268862E+02  0.460460936346977E+01
 -0.119823730057776E+01  0.174941696680575E+02 -0.515641128333091E+01
  0.633578289694771E+01  0.806255934388800E+01 -0.577573480640350E+01
  0.473370231282453E+01  0.962969901821900E+01 -0.488934457921155E+01
  0.128473565076444E+01 -0.175028919737963E+02 -0.172964049251980E+01
 -0.935098200294067E+01 -0.540649697986880E+01 -0.109481430152971E+02
 -0.815727465644837E+01 -0.313868029102838E+01 -0.976287688699906E+01
  0.145395346511703E+02  0.518114017505264E+01  0.160878536526070E+02
  0.440029166865406E+01 -0.479082075329199E+01 -0.459087736991883E+01
  0.435060285708008E+01  0.996009068125037E+01  0.475263387768714E+01
  0.490890892336540E+01  0.678903016285664E+01 -0.607268687829950E+01
  0.312378735133983E+01 -0.162748238794465E+01  0.899615856313404E+01
  0.785496641559627E+01 -0.180328719888587E+02 -0.137575615481209E+02
  0.241285368888643E+01  0.161835189539956E+02 -0.185492408983474E+02
  0.634371466763185E+01 -0.398679509640321E+01  0.301657548469344E+01
  0.115045034939953E+02  0.510880787396577E+01  0.834637090858845E+01
 -0.902933859556566E+01 -0.181686880504031E+02  0.258912827408493E+01
  0.118622449375954E+02 -0.514485409342216E+01  0.957006940506018E+00
  0.134701927035015E+02 -0.875675371792951E+01  0.802405902260644E+01
 -0.938460537971839E+01  0.456097157696655E+01 -0.153057576634373E+02
  0.150238086993036E+02  0.171909886140154E+02  0.748795181490485E+01
 -0.211879811788729E+02 -0.179985485819278E+02 -0.134798345490478E+02
 -0.163200840119409E+02  0.135162831489547E+01  0.239685744515152E+02
 -0.115916398538754E+02  0.116398299427908E+02  0.899189390655492E+01
 -0.363478896126966E+01 -0.115971860955456E+02 -0.707746348736798E+01
 -0.465408429129350E+01 -0.179118597105601E+02 -0.948851687857394E+01
 -0.377095193091168E+00  0.921026302300745E+01  0.890047542062344E+01
  0.130557386615153E+02  0.283231370635887E+01  0.934601089994419E+01
  0.923271470237501E+01 -0.534669695299187E+01  0.136871388705171E+01
 -0.214951702969736E+02 -0.291575627538138E+01  0.104858401887877E+02
  0.578158455932941E+01  0.131118977898960E+02 -0.216342920126585E+01
 -0.173863618639865E+01 -0.958239825649570E+01  0.234942460228643E+02
  0.413877120975069E+01  0.141901852087556E+02 -0.145203565141216E+01
 -0.105560010416029E+02 -0.189573426418056E+02  0.517394702046108E+01
 -0.737676549709860E+01  0.189118026271948E+02 -0.646432788849771E+01
  0.906987820276693E+01 -0.895755613356154E+01  0.122077562547875E+02
  0.170012075055063E+02  0.164994335625792E+02 -0.145441929667728E+02
  0.925337990614570E+01 -0.298861707648506E+01  0.497451966755111E+01
 -0.172755249807167E+02 -0.554352423024873E+01  0.746472887354633E+01
  0.280023757543927E+01  0.524451289081437E+01  0.604243054823483E+01
  0.368746786503717E+01  0.593081413757568E+01  0.166093696397525E+02
 -0.127586120373954E+02  0.690558546233193E+01 -0.447546807010048E+00
  0.231249240025738E+01  0.552098887855605E+01  0.179255437068801E+02
 -0.746077547654388E+01 -0.298126792714233E+01 -0.139041414374711E+02
  0.684200733254920E+01  0.104649116635316E+02  0.156970305042143E+02
  0.468151383965963E+01 -0.642891280807065E+01  0.176899009014316E+02
  0.134232598976995E+02  0.120860535872800E+02  0.149877595292851E+02
  0.949181599176049E+01  0.542722740977292E+01  0.612327489217894E+01
 -0.299848212329190E+01  0.176120980737844E+01 -0.102850211390870E+02
 -0.123777879286344E+02  0.100683500260487E+01 -0.669412194732783E+01
  0.107403745096073E+02 -0.144637004859433E+02  0.115040974454215E+02
 -0.110121202763368E+01 -0.149356279097737E+02 -0.427561196625329E+01
 -0.533739624988643E+01  0.148985795379059E+02 -0.498545859313316E+01
  0.353084153396567E+01 -0.754535152027188E+00 -0.123439859806138E+02
 -0.102646233891664E+02 -0.896710340907615E+01  0.102786090771864E+02
  0.284770690191640E+01  0.112203086558010E+02  0.217112083877520E+01
 -0.834013770384822E+01  0.150586704237145E+00  0.128255283493069E+02
 -0.247898266040001E+01  0.156928869324101E+01 -0.816933833476246E+01
 -0.166160992735127E+02 -0.256070330068994E+02  0.216664719471416E+01
  0.110992174232427E+02 -0.449304358793637E+01  0.176222092678004E+01
 -0.495861440249352E+00  0.200415374184553E+02  0.884369017928703E+01
  0.977029339430473E+01 -0.475481398160640E+01  0.109982913263082E+02
 -0.400894310946530E+01 -0.550677952063032E+01  0.840838200854873E+01
  0.660845283654626E+01  0.141754005929482E+02 -0.260849687490856E+02
 -0.252991196441891E+01 -0.233326265309320E+01 -0.170771256220826E+01
  0.200085148661416E+00 -0.745267656868216E+01 -0.119468060581472E+02
 -0.569918877540153E+01  0.913025068829140E+01  0.460223381189360E+01
 -0.389659597446471E+01  0.746274496391078E+01  0.269557956916182E+01
 -0.405685079586831E+01  0.141439665182799E+01 -0.156013049148479E+01
 -0.178864084776692E+02  0.119864880960800E+01 -0.858935154146443E+01
  0.825507690020692E+01 -0.164079783091642E+02 -0.950381377859115E+01
  0.113804342636228E+01  0.921739279304749E+01  0.880065049485703E+01
 -0.132093924331218E+02 -0.201827200375096E+01 -0.137666298591749E+02
  0.111983644504465E+02 -0.878394341035321E+01 -0.274673723192725E+02
  0.937507674824418E+01 -0.780673612970775E+01  0.824922662421576E+01
  0.406732184763836E+01 -0.143087685424046E+01 -0.745867373995625E+01
  0.100328146782234E+02  0.101211432139669E+02  0.138607146725770E+01
  0.175424762019028E+01 -0.132733156424102E+02  0.153816764014366E+02
  0.877532209569080E+01  0.158161226456010E+02 -0.355667391744848E+01
 -0.173590718227760E+02 -0.857675198167274E+01 -0.612471142775837E+01
 -0.493729562447107E+01  0.177714793569691E+02 -0.198050155839038E+01
 -0.868268939370514E+01 -0.322941600573132E+01  0.546633883267304E+01
 -0.315054349501198E+01 -0.113306381445707E+02 -0.158220990944983E+02
 -0.446477634452101E+00 -0.952229148825763E+01  0.147665870125490E+02
 -0.948652293296372E+01 -0.132108530311858E+02 -0.105595375413353E+02
 -0.277313657269045E+01 -0.152542328751837E+02  0.854512559590762E+01
  0.538132150479420E+00  0.535608237869819E+01  0.989793958100287E-01
  0.129986735653746E+02 -0.121125406307925E+02 -0.579139316014106E+01
  0.135611678266941E+01 -0.116391963993014E+02  0.156398064563790E+02
 -0.847545911867014E+01 -0.150033939877333E+02 -0.710302940057672E-02
  0.179118210352256E+01 -0.572734617136412E+01  0.105926592383144E+02
 -0.689193566053260E+01 -0.946269844022535E+01  0.468302526645603E+01
 -0.227889735505845E+02  0.159897905435546E+02 -0.746401936555521E+01
  0.224065134625752E+02  0.104526316157944E+02  0.204240957261929E+01
  0.688488369334028E+01  0.115748829791146E+02 -0.171784274035272E+02
 -0.111702061465447E+02 -0.553193547818788E+01 -0.113301027959664E+02
 -0.940976472041179E+01 -0.711741624685696E+01  0.104512317915809E+02
  0.145907634571647E+01 -0.393601249765308E+01 -0.294609826216215E+01
 -0.761728755446299E+01 -0.113350295356958E+02 -0.836749132220393E+01
  0.102878175945375E+02  0.169103731126511E+02  0.139262354755537E+02
 -0.810825836977421E+01 -0.332220205802863E+01  0.624457712518807E+00
 -0.106060312018647E+02 -0.321375981031848E+01 -0.231574730910514E+01
 -0.102734688140466E+01  0.387083899913735E+01 -0.877981738565876E+01
 -0.850123230548597E+01 -0.100294759873322E+02 -0.115967003999195E+02
 -0.636985759196421E+01 -0.154287100840607E+02 -0.207657598318616E+01
  0.140702859920431E+02 -0.131456678503025E+02  0.438532250023235E+01
 -0.133881752830363E+02 -0.897647688791336E+01  0.122908260551612E+00
  0.244246267287047E+01  0.163172225784014E+02  0.199660993502952E+01
 -0.105124059931443E+02  0.664454925521023E+01  0.499458244716839E+01
 -0.163082618962525E+02  0.187897060737708E+02 -0.386594980532811E+01
 -0.123431923790060E+02  0.362630633297771E+01  0.678674891902975E+01
  0.540459943877133E+01  0.145900574646266E+00  0.106003708724528E+02
  0.157109620315540E+02  0.417737921810097E+01 -0.598479295219574E+01
  0.136382976630598E+01 -0.933508324265829E+01  0.686348385082908E+01
 -0.929924177984305E+01  0.611597283218660E+01  0.908192315340098E+01
  0.181050443574415E+02 -0.931470108269299E+01 -0.198560340557014E+02
  0.498865346234674E+01  0.137410060437362E+01  0.810299071003142E+01
 -0.734791717771752E+01  0.494223841669839E+01  0.160855074712676E+02
 -0.173465818804432E+02  0.485174807561846E+01 -0.552849840815724E+01
  0.171885858231817E+02 -0.182862257668835E+01  0.744708156626870E+01
 -0.406425601306914E+01  0.108220144916172E+02 -0.256908039541076E+01
 -0.122874691420435E+02  0.590522691670778E+01 -0.215586583188681E+01
  0.170588577164761E+02  0.145227352477236E+02  0.171812686835606E+01
  0.359180761635187E+01 -0.178796809885384E+02  0.194553981770646E+02
 -0.187279999571708E+00 -0.972339509699009E+01  0.713696102253555E+01
 -0.174175618623718E+02  0.809702812036297E+01  0.475459258290405E+01
 -0.130850971658924E+02 -0.442851621518196E+00  0.108480568829337E+02
 -0.164324214896684E+02 -0.431594583439971E+01 -0.226105722316780E+01
  0.155284913632293E+01  0.992116849551095E+01  0.765207618332705E+01
 -0.124772683840922E+02 -0.133736583478008E+02  0.858283526166730E+01
  0.147357478733649E+02 -0.109195563269276E+02  0.133208422036054E+02
  0.924526895404970E+01 -0.257075001831037E+01 -0.586113098270504E+01
  0.149127268929678E+02  0.803855223696825E+01 -0.370686650288112E+01
 -0.657537624677515E+01  0.105435830545378E+02 -0.555337316358275E+01
 -0.236491742942789E+02 -0.110405217488279E+02  0.128549373043778E+02
 -0.592239840648609E+01 -0.800025712714074E+01  0.329189400056318E+01
  0.148394887423863E+02 -0.163606134346644E+02  0.144025991134460E+02
  0.521402576180616E+01 -0.108133279892930E+02 -0.134641531702585E+02
  0.347233994888922E+01 -0.109875420367347E+02  0.743848597477734E+01
 -0.110871161147759E+02 -0.908409181984394E+01 -0.100421873882540E+01
 -0.242565575095660E+02 -0.108076612848134E+02 -0.213104691294826E+01
 -0.108542820520513E+02  0.595196298489048E+01  0.822167191179321E+01
 -0.630364107388008E+00  0.116807233587947E+02  0.719563144406265E+01
  0.175761494929768E+02  0.133399940809958E+02 -0.184185200279389E+01
  0.733542668278350E+01  0.959408967302237E+01 -0.677932630231807E+01
  0.244973284401592E+01 -0.346755809949932E+01  0.404826011474253E+01
 -0.187697449541393E+01 -0.436554282519658E+01 -0.118117282340301E+02
  0.605750517520564E+01 -0.315209259706508E+01  0.154332964170513E+02
 -0.920134673514372E+00  0.581577350980640E+01  0.142088199715092E+02
 -0.748450616203293E+01  0.255702750322469E+00  0.795614542730408E+01
  0.269537761833200E+01 -0.218396580548836E+02  0.987178165023625E+01
  0.165819634406935E+02  0.716647070543644E+00 -0.306019322423989E+01
  0.974117307312601E+01 -0.224729310253037E+00 -0.584565367102879E+01
 -0.176036859659692E+02  0.152472526247992E+01  0.280954816056816E+02
 -0.530657628250077E+01  0.492520150363676E+01 -0.150596222048988E+02
 -0.770933870127546E+01  0.199180486335722E+01 -0.777132225348051E+01
 -0.816565449428206E+01  0.990653713650326E+01  0.177815542054123E+02
 -0.279551048008605E+01 -0.148999110646719E+02 -0.166283435275676E+02
 -0.987882925542023E+01  0.774149764752018E+01  0.746772496086481E+01
  0.964843097663234E+01  0.967297162294548E+01  0.151649267958475E+02
  0.159380542347376E+02  0.653109859186412E+01 -0.173665965545004E+02
  0.417267637853889E+01 -0.541923803222561E+01  0.120092295405097E+02
  0.777807417675294E+01 -0.121897740047996E+02 -0.121911288232772E+02
  0.707446860164467E+01  0.307420214743905E+01 -0.164840365718443E+02
  0.148495422726203E+02 -0.177181310845904E+00  0.408226871081917E+01
  0.123572747469351E+02  0.347339328724429E+01  0.115544869530966E+02
 -0.596712296442073E+01 -0.150546027148840E+02 -0.187114179111263E+01
 -0.837598930124613E+01  0.125602757070948E+02 -0.108588691685240E+02
 -0.178052363819544E+02 -0.144386841851092E+02 -0.882799289891920E+01
 -0.652857475300543E+01 -0.390294628113542E-01 -0.996272747465907E+01
 -0.152992074680363E+02 -0.423530756180345E+01  0.130838284999114E+02
 -0.373026877587014E+01 -0.105368334112052E+02 -0.235564578920415E+01
 -0.301290802885783E+01  0.126781072469989E+02  0.133497236444242E+00
  0.130467015217749E+01 -0.573990931173170E+01  0.866304113712191E+01
 -0.717250105838715E+01  0.161455638712276E+01  0.395921790568606E+01
  0.136827176025190E+02  0.128004216945625E+02 -0.985105619896805E+01
  0.827542710025836E+01  0.208529424563095E+01 -0.571450090024618E+00
 -0.593177671647824E+01 -0.559319520090699E+01 -0.785407238239116E+01
  0.137740994169709E+02 -0.111636720702595E+02  0.994779903661603E+01
  0.921130107334194E+01 -0.581896369580664E+01  0.117782222914357E+01
  0.152933563630329E+02  0.172043978783111E+01  0.927563979849928E+01
 -0.118112545903314E+02 -0.144306878370814E+02 -0.134539354398169E+02
  0.118055803021543E+02 -0.291494732105488E+01 -0.173079108308434E+02
 -0.911504786021084E+01 -0.295281153151795E+01  0.387036700572838E+01
 -0.120181928048617E+02 -0.113840911707356E+02  0.822462136173225E+01
  0.763255558347216E+01  0.478536582712252E+01  0.161142845211883E+02
 -0.542822533546640E+01 -0.117260383158653E+02  0.119939194634528E+02
 -0.117899685413835E+02  0.841934244030607E+01  0.186398177757761E+02
  0.154578451804777E+02 -0.611123407054508E+01  0.750229614695152E+01
 -0.795479297636814E+01 -0.103095480827234E+02 -0.659755553937648E+01
 -0.801267873194380E+01 -0.286832724603317E+01  0.123754423157000E+00
 -0.890177896168823E+01 -0.412982787573892E+01 -0.105093002193251E+01
 -0.156202655615052E+01  0.757663281199389E+01 -0.795059759071544E+01
 -0.362986149513002E+01 -0.561627746746782E+01 -0.123619306253212E+02
  0.129717572409145E+02  0.309623816471744E+00  0.268649525956672E+01
  0.133145196914428E+02 -0.301644865548905E+01 -0.596767062889888E+01
  0.154279390919636E+02  0.694607396259730E+00 -0.320136081830127E+01
 -0.105444543768882E+02 -0.101924390388008E+02  0.131998268101519E+01
 -0.285394443514899E+01  0.453068887395797E+01  0.327376526802255E+01
 -0.967637868279284E+01 -0.909471366037177E+00 -0.518546403389005E+01
 -0.435288616931229E+01 -0.100717368611686E+02  0.271341129852178E+02
 -0.388130699119804E+01 -0.800514011909676E+01  0.139684383923061E+02
  0.992481724244496E+01 -0.414032767068102E+00 -0.676142987087885E+01
 -0.392071068644666E+01 -0.629940429426570E+00  0.818965491457828E+01
 -0.876346142523950E+01  0.108698123007641E+02 -0.808612954167935E+01
 -0.860664321289225E+01  0.155190247957073E+01 -0.856431146317063E+01
 -0.105961838827665E+02 -0.101748666219833E+02 -0.961854813356772E+01
  0.122707132464146E+02 -0.369947370691090E+01  0.158108250424429E+02
  0.117376722771060E+01  0.797714687030507E+01 -0.981532712728566E+01
  0.114840740421804E+02  0.124102627475008E+02 -0.617816468775094E+01
  0.972480737635137E+01 -0.938701214132088E+01  0.125977293344384E+01
  0.513983136809548E+00 -0.168406219476661E+02  0.149120896048989E+02
  0.979630764205675E+01 -0.313223574614652E+01  0.842538613438159E+01
  0.449160721849334E+01  0.779796251069803E+01  0.878093647151821E+01
  0.112293131958528E+02 -0.231161339051209E+01  0.104027721078828E+02
  0.971539164794556E+01 -0.466110101900537E+01 -0.135521279002364E+02
 -0.940449713382448E+01  0.160692091590423E+02  0.146145659663565E+02
 -0.123908502635525E+02  0.100225109273998E+02 -0.100601566123220E+02
 -0.142651972978695E+02 -0.109601079818080E+01  0.796634718042816E+01
  0.185508507959843E+00  0.130913251078375E+02  0.471654589314290E+01
  0.895547917517611E+01  0.435264535021111E+01  0.133948172039088E+02
 -0.122808020732020E+01  0.828248751179816E+01 -0.100727602198230E+02
  0.175653482251264E+02 -0.105678535692647E+02  0.677176790333425E+01
 -0.150605408932819E+02 -0.104243658147542E+02 -0.164365643252233E+02
 -0.163644483877534E+02 -0.160316720126073E+02 -0.117161757855630E+02
  0.669248046300308E+01  0.585832268992034E+01 -0.997606948009047E+01
 -0.136062698490704E+02 -0.902288505564450E+01  0.685286880340261E+01
 -0.170367765990732E+02  0.145038689624986E+02 -0.170220366644589E+02
 -0.327278651966226E+01  0.691801759031279E+01 -0.154108462922413E+02
  0.171742621740804E+02 -0.113945262121026E+02 -0.448905560962901E+01
 -0.111188046013445E+02 -0.100585347618465E+02 -0.335567123142623E+01
  0.128675394455711E+02  0.271084076381431E+01  0.857169387859985E+01
 -0.141838237796156E+02  0.116619459338091E+02  0.100023121298218E+02
  0.652051581771231E+01 -0.327674540559499E+01  0.336780553036473E+01
 -0.132054298183121E+02 -0.164242606987534E+02 -0.124884296166910E+02
  0.240158531670383E+01  0.188913909565806E+02 -0.106613387749840E+02
  0.114594238853071E+02  0.896513646917797E+01 -0.610742787165257E+01
 -0.159226974579143E+02 -0.536968594352678E+01 -0.127940545255764E+02
 -0.684835814884479E+01  0.117025565067284E+02  0.751391644864231E+01
 -0.789759378898669E+01 -0.110941515473045E+02 -0.109693313877743E+02
 -0.133564733963205E+02 -0.924524831595419E+01 -0.112508126338099E+01
  0.746846347654078E+01  0.133434737429894E+02 -0.129130587726256E+02
  0.387655000247723E+01  0.164774498013385E+02 -0.798587901033163E+01
  0.705539422105070E+01  0.126246184399681E+02  0.408210183298798E+01
  0.627539195232096E+01 -0.162425951393133E+02 -0.125319793837107E+02
 -0.387859506328920E+01 -0.125198941001505E+02  0.540112561118900E-02
 -0.179410374583984E+02 -0.592831713747178E+01  0.116481355680683E+01
 -0.111945123439352E+02  0.349527991765194E+01 -0.128566118118054E+02
  0.127715728151771E+02 -0.174570053369354E+02 -0.429693155395070E+01
  0.512898096324378E+01  0.101065990745907E+02  0.256055278180187E+01
 -0.708255459095948E+01  0.123529356555457E+01 -0.790322111160963E+01
 -0.993888608905498E+01  0.860179582856114E+00 -0.171150556803179E+01
  0.649361292441396E+01 -0.772873583993285E+01 -0.328864244280396E+00
  0.559064404346188E-01  0.146608939884009E+02 -0.287046449690097E+01
  0.648208387898826E+01  0.539344604584367E+01  0.286757112921944E+02
 -0.548497958673482E+01 -0.142235366518273E+02 -0.548287921703212E+00
  0.286625786566226E+02 -0.108566685033749E+02 -0.122578510665884E+02
  0.584614930125500E+01 -0.936772732038557E-01  0.984359448086834E+01
 -0.262383048215334E+01  0.117715735982609E+02  0.653828096846270E+01
 -0.503885307928322E+01 -0.122433642858419E+02  0.379024992418399E+01
 -0.166364804351280E+02  0.627306217427409E+01 -0.142980836076958E+01
 -0.129818568475892E+02  0.124223352896959E+02  0.237684356614948E+02
  0.312564407063819E+01 -0.122057482372713E+02  0.710219649416556E+01
  0.129777150643687E+02  0.141416257007767E+02  0.121769710692839E+01
 -0.866481819830711E+01 -0.162247601073267E+02  0.625761438587067E+01
 -0.846082555295498E+01 -0.930792932593672E+01 -0.136910989927926E+02
 -0.163086310589573E+01  0.987434036165423E+00  0.364078907391922E+01
  0.100784797154127E+02 -0.114174357699394E+02 -0.992626798108035E+01
 -0.150198591595531E+02 -0.330929081471336E+01  0.197460865247782E+02
  0.133041683163186E+02 -0.162984656438287E+02  0.119225813750908E+02
 -0.591854124117730E+01 -0.433584843104939E+01 -0.421695588723261E+01
  0.827202524569929E+01  0.168784873725780E+02 -0.122471099137022E+02
 -0.108427443315075E+02 -0.108486107887241E+02 -0.766063270806386E+01
  0.628013561525091E+01 -0.727028931328079E+01 -0.213578659184053E+01
  0.183057238418808E+02 -0.194351815482067E+01  0.585356573400406E+01
 -0.878883562742404E+01  0.128810287066343E+01 -0.973055786360498E+01
 -0.893352150112917E+01 -0.141883797288805E+02 -0.112335514313454E+02
 -0.542445640944406E+01 -0.553560175244304E+01 -0.913508659559850E+01
  0.133331640036780E+02  0.828881460557093E+01  0.995078962261488E+01
  0.473871343419410E+01 -0.132711943256754E+02 -0.114728816420951E+02
 -0.138999056028812E+02 -0.702799252126619E+01  0.121613255530845E+02
  0.116364414147711E+02  0.552799132596975E+01 -0.966633023428052E+01
 -0.832535064212827E+01 -0.342275114071998E+00 -0.101626258431918E+02
 -0.123977687381623E+02  0.681741611845400E-01  0.363702151192707E+01
  0.899133682547881E+01  0.621003628559643E+01  0.484727743515282E+01
 -0.208566741170095E+02  0.117709258239921E+02  0.123934843058421E+02
  0.103244774259191E+02 -0.155137309330363E+02  0.987348301947635E+01
  0.795018993401884E+01 -0.240813739181558E+01 -0.901083298302804E+01
 -0.132827826294049E+02 -0.128828374672794E+02 -0.302485561086329E+01
  0.722635021564726E+01 -0.448495928074180E+01  0.549952309423521E+01
 -0.707029634613197E+01  0.166696470076146E+02 -0.141822021895771E+02
  0.682192881034186E+01 -0.117210167707967E+02  0.113980938083913E+02
  0.445933704801237E+01  0.296575091755263E+01 -0.129358291994754E+02
  0.298995045537447E+01 -0.172571631274692E+02 -0.363057986192468E+01
 -0.678432622773868E+01 -0.217568951898518E+02 -0.193604353179626E+01
  0.456144186051304E+01  0.128875702381205E+02 -0.146103162081522E+02
  0.101545120650683E+01 -0.514278079853557E+01  0.565933601067449E+01
 -0.107816855746411E+01 -0.381111257074000E+01  0.886544509907745E-01
 -0.196723611869198E+01 -0.916815583118279E+01 -0.576937757716334E+01
  0.575288692277141E+01  0.815656215610912E+01  0.535624678749103E+00
 -0.863649520131673E+01  0.161251772382534E+01  0.445675884852384E+01
 -0.161838383775682E+02  0.667986560089446E+00  0.548857210954135E+01
  0.113900135540569E+02  0.139797148729697E+02 -0.101207614753177E+02
 -0.525271281866816E+01 -0.154718170520874E+02 -0.189942235751671E+02
 -0.112621956709575E+02  0.184899052832280E+01 -0.190859330763000E+01
  0.240205762098807E+01  0.316664805850451E+01 -0.928226110888319E+01
 -0.257765476774923E+01  0.107731454217831E+02 -0.175916909541248E+02
  0.133388072824460E+02  0.140976871428486E+02  0.207028105929882E+02
  0.151839339171990E+02 -0.233198828270795E+01  0.890720031247969E+01
 -0.615883558405560E+01 -0.885367383113004E+01  0.690877019819322E+01
 -0.865090239214534E+01  0.293910331490389E+01  0.587693247971624E+00
 -0.102942560638164E+02  0.163149977492683E+02 -0.152225451517480E+02
  0.609924947852001E+01  0.104702927378882E+02 -0.844752277719917E+01
  0.176953658121695E+02 -0.253904005744038E+02 -0.473488237951171E+01
  0.162629595730586E+02  0.131588289324155E+02  0.772738199308027E+01
  0.679678047279688E+01 -0.855365147217769E+01 -0.115876954715234E+02
  0.242772848325343E+01 -0.935139291413224E+01  0.163082191862189E+02
 -0.137488636027444E+01 -0.840880459837966E+01  0.165348308551279E+01
  0.512442941642698E+01 -0.338187395971137E+01 -0.549336121370469E+01
 -0.498345653298105E+01  0.535347844119528E+01  0.165135897751956E+02
 -0.393554157754506E+01  0.594109508226088E+01  0.138013193365669E+02
  0.151611896895843E+02 -0.294244632549067E+01 -0.424887808440652E+01
 -0.148057980461360E+02  0.114021164856950E+02  0.143320881896897E+02
 -0.680755744727480E+01  0.853424409632939E+00 -0.243802224463218E+02
  0.227465292535324E+02  0.139373153807879E+02  0.789552653174085E+01
 -0.904531265727628E+01 -0.382885132334696E+01  0.463703608513573E+00
 -0.390678278151646E+01  0.110602704366498E+02 -0.233044138231827E+01
 -0.605977592802687E+01 -0.549054152748970E+01  0.115966060616250E+02
 -0.232896943854852E+01  0.104394596168583E+02  0.107771966416737E+02
  0.183763824067497E+02 -0.118375420707745E+02  0.548452112144510E+01
 -0.152088755880829E+02 -0.237199485951565E+02  0.663145616453619E+01
 -0.633773472155681E+01  0.195513979527376E+02  0.125522036790674E+02
 -0.249036704476277E+01  0.154775781564055E+02 -0.524924522779686E+01
 -0.194117411848462E+02  0.730352892697554E+01  0.870858001588878E+00
  0.111326591942932E+02  0.785901254283631E+00 -0.581680731913399E+01
 -0.609826765658766E+01 -0.568095779844334E+01  0.178417012083708E+01
 -0.120159637357644E+02 -0.260993583283617E+01 -0.472878503513929E+01
 -0.102492743295906E+02 -0.728628882824077E+01  0.105278206999351E+02
  0.102778166383114E+02 -0.586572731684025E+01  0.121775730595082E+01
  0.218058236031179E+01 -0.131376385297327E+02  0.968252165295495E+01
 -0.762147054023404E+01  0.102088590235601E+02 -0.205281003799193E+02
 -0.908204582081023E+01 -0.130312763538152E+02  0.263562547783591E+02
 -0.184463192302306E+02  0.663290697140416E+01 -0.225702471237081E+01
  0.885273191370112E+01  0.678234785496075E+01  0.298597613377021E+01
  0.603355561656552E+01  0.772054140574848E+01 -0.117804974862094E+02
 -0.300430860356609E+01  0.143101440119934E+02 -0.150337704836300E+02
 -0.129967784309206E+02  0.165704081707311E+02  0.437899165889590E+01
  0.593029567250222E+01  0.136391265394306E+02 -0.143616620015583E+02
  0.345639195857762E+01 -0.214007107934154E+00  0.163509151592478E+02
 -0.810425012923011E+01  0.289474325821044E+01 -0.129278477882276E+02
  0.716162734644722E+01  0.847134591296253E+01 -0.178976042612119E+02
 -0.895938142414600E+01 -0.102720315224321E+02 -0.620345307753952E+01
 -0.116264405469251E+02 -0.103770158233506E+02  0.141592178849787E+02
  0.905590609895217E+01  0.140719335564134E+00 -0.183635782548515E+02
  0.104003985005325E+02  0.440614350457464E+01 -0.513389732860286E+01
  0.424131052697509E+01 -0.114811670093630E+02 -0.403292119118412E+01
  0.852928097675744E+01  0.176552709883870E+02 -0.158459154632409E+02
 -0.404528345972997E+01  0.302124155042861E+01 -0.107981637493052E+01
  0.351653071731203E+01  0.416401112824848E+00  0.135627204049756E+02
  0.916674554791100E+01  0.149701404623190E+02 -0.120850337364710E+02
 -0.994231853570118E+01  0.166327865387190E+02 -0.614601042033491E+01
 -0.476689674890588E+01 -0.527053946355138E+01 -0.148010331508838E+02
 -0.931333125262118E+01  0.185349029682843E+02 -0.138864471791912E+01
 -0.733222518779568E+01  0.389091027395816E+00 -0.130673512142883E+02
 -0.163981674769264E+02  0.364016677636488E+01 -0.763628504293403E+00
 -0.107533436124550E+02 -0.457556028171180E+01 -0.112433629727123E+02
  0.188941096556227E+02 -0.999555814330899E+01  0.373754620786273E+01
 -0.163891124951528E+02  0.153449668958695E+02  0.852277895055443E+01
  0.315964219859662E+01  0.187902959567804E+02  0.122533867328737E+02
 -0.981097302125658E+01 -0.156707382144506E+02 -0.637868835359097E+01
 -0.845107965215044E+01  0.107034789689391E+02 -0.104785908434204E+02
 -0.670274729655980E+01 -0.140610928434893E+02 -0.163979738747252E+02
 -0.116839952556182E+02  0.814478818060983E+01 -0.127679136252836E+02
  0.434660806488026E+01  0.127962225950155E+02 -0.412044869349031E+01
  0.142474902999003E+02 -0.117203849982668E+02  0.356553653127394E+01
 -0.496112551249349E+01 -0.138000271685300E+02  0.141787824928954E+02
  0.923711580477108E+01 -0.466789708841568E+01 -0.149260851274750E+02
  0.114247172616191E+02  0.126111495981046E+02 -0.162877486225736E+02
  0.175037384117389E+01  0.388322446508872E+01  0.133318610014747E+02
 -0.831852371586708E+01 -0.729306386750519E+01 -0.106677006218481E+02
 -0.132484977984954E+02 -0.115317449557474E+02 -0.655489993837673E+01
  0.129101821218989E+02  0.148765122535143E+02 -0.481492047828356E+01
  0.204857166982452E+01 -0.182800856218517E+02 -0.184876950419472E+02
  0.140890951579041E+02  0.189852975659596E+02  0.330281934179194E+01
  0.117039081975953E+02  0.579672676756536E+01 -0.433867576063428E+01
 -0.153901071184737E+01  0.116051122876254E+02  0.185128601035244E+02
 -0.642970724213558E+01 -0.109291499328771E+02  0.109472099546960E+02
 -0.779569087822615E+01  0.746639135459557E+01  0.589416434623851E+01
 -0.549430383869800E+01  0.224469423475201E+01  0.830148593731318E+01
 -0.112764209026839E+02 -0.454109890962441E+01 -0.961373393919632E+01
  0.828403613429546E+01  0.133845413283733E+02  0.468844980626685E+01
 -0.148561921781385E+01  0.579550400919086E+01  0.373025227320252E+01
 -0.463223428221123E+01 -0.716264003638473E+01 -0.276037079473024E+00
  0.121245544117413E+02  0.822911353158256E+01 -0.987199085386793E+01
 -0.150625593082840E+02 -0.171031187133044E+01 -0.275812701942032E+01
 -0.217419064989087E+01  0.162496328867370E+02  0.226573240045766E+02
  0.153961262896389E+02 -0.113599444408059E+02 -0.627022761155138E+01
 -0.192928145583928E+02  0.123045121865630E+02  0.138958859313489E+02
  0.686533126860448E+01 -0.168040082187222E+02 -0.500304517160910E+01
  0.954944613851196E+01 -0.643455920671145E+01  0.188704677290198E+02
 -0.480598304975978E+01  0.717186604332825E+00  0.746390492106229E+01
 -0.380604954180492E+01  0.823619584215652E+01  0.197949971841462E+01
  0.513013827989824E+01  0.103120486972833E+02  0.114416041201941E+02
  0.493833769956164E+01  0.838661322301228E+01  0.983019873725861E+01
  0.803352440426729E+01 -0.427892935010937E+01  0.196246490568372E+01
 -0.135496955178491E+02 -0.643651202564298E+01  0.125470090630299E+02
  0.253159852055950E+01  0.184112547896734E+02  0.318844610119876E+01
  0.993155106230786E+01  0.178716997421522E+02  0.115676950748561E+02
 -0.285728545682181E+01 -0.135693212498324E+02  0.586170005771629E+01
 -0.984427141613925E+01  0.113560287147569E+02 -0.206081570894318E+01
 -0.601822134496504E+01 -0.153994427229852E+02  0.177157203385672E+02
  0.964885579799352E+01  0.141622214607917E+02  0.110950241558857E+02
 -0.921515452996871E+01 -0.115105177965268E+02  0.451606511924178E+01
  0.107469399410430E+01  0.884354565160628E+00 -0.173098352233848E+02
 -0.473838198813504E+01 -0.157585320645991E+02 -0.104824626172372E+02
  0.119056669671196E+02  0.583952419674647E+01  0.120343496487893E+02
  0.140736513835999E+02 -0.622848057608328E+01 -0.480632388576158E+01
  0.114999679681754E+02 -0.118256114711571E+02 -0.198480984848263E+02
  0.792061145453279E+01 -0.207302059011053E+02 -0.151702183549240E+02
  0.747721417576418E+01  0.251550693091364E+01 -0.160434213349053E+02
  0.119038232222084E+02 -0.281633327424070E+01  0.631906463926024E+00
  0.202673423371028E+01  0.199726301908723E+02 -0.363870232782098E+01
  0.296794077802588E+01 -0.815727080191729E+01 -0.763155980624480E+01
 -0.509224370372215E+01 -0.638974909253979E+01  0.140188009790203E+02
 -0.448606235863369E+01  0.460879001371122E+01 -0.247490719502820E+01
  0.894708975400410E+01 -0.896879460389898E+01  0.145372519220205E+02
 -0.137818717990144E+02 -0.274611298823867E+01  0.142766658904877E+02
  0.811226718924912E+01  0.181711880822027E+02  0.126058648122505E+02
  0.280830259565107E+00  0.787273119013480E+00 -0.875244748979125E+01
 -0.863213797882197E+01 -0.105330330644721E+01  0.256142516175503E+01
  0.114297356078013E+02 -0.158382928079111E+02  0.354036830222975E+01
 -0.190015307373680E+01 -0.132147348137571E+02 -0.173886083564700E+02
  0.156897110558799E+02 -0.128877427441311E+02  0.829532176417305E+01
 -0.100301562802837E+02 -0.461588013321811E+01 -0.181183538032013E+02
 -0.148780245634085E+02 -0.892438795225061E+01  0.569074764820045E+01
 -0.463602946540640E+01  0.428160527996050E-01  0.509991279074015E+01
 -0.592957272986463E+01 -0.161605005683128E+02  0.670427356771200E+01
 -0.111620614472408E+02 -0.726049708979639E+01 -0.137413887399298E+02
  0.706031829706894E+01 -0.211175220990639E+02  0.102428328487891E+02
  0.191000785253216E+02 -0.943449498075652E+01  0.177197829453311E+01
  0.486622279917638E+01 -0.654853820611603E+01  0.734502818740147E+01
  0.105265121915695E+02  0.860217062612102E+00 -0.622869513334917E+01
 -0.641854214583752E+01  0.692341410122833E+01 -0.137723472249555E+02
 -0.144458085094811E+02 -0.245519089985813E+01  0.311253460768039E+01
  0.245681532828962E+01  0.108887274063371E+02 -0.411338737589407E+01
 -0.107173408851032E+01  0.314734556972629E+01 -0.203993391583088E+02
 -0.982915590376538E+01 -0.286616241345765E+01 -0.259873592465940E+01
  0.132594614212078E+02 -0.512786292262684E+01 -0.154034647749297E+02
  0.436330499988153E+01  0.613132923866870E+01 -0.181225453501930E+02
  0.108798480995244E+02  0.744961136738047E+01  0.107478721238134E+02
  0.101680854089547E+02 -0.897188418749620E+01  0.118308702865827E+02
 -0.143657607805429E+01  0.102314122460831E+02 -0.155188071643410E+02
  0.852618106078033E+01 -0.668370254320955E+01  0.135701459172916E+02
  0.186537629215380E+02  0.128680244903128E+01 -0.963806317523607E+01
 -0.199109604169915E+02  0.965162304202649E+01 -0.888482115717115E+01
  0.223718263584653E+02  0.556777641904563E+01 -0.206095105956576E+02
  0.193998163692463E+01 -0.205095081130748E+02 -0.104187108986386E+02
 -0.205438301419585E+01  0.908955173274328E+01  0.125418774238610E+02
  0.145406787364582E+01 -0.154741884613586E+01 -0.164167962921753E+02
  0.791357931241123E+01 -0.584870466648733E+00 -0.401396625049250E+01
 -0.103039410906515E+02  0.141853397698472E+02 -0.223513361945469E+01
 -0.616828004791174E+01  0.136259224584322E+02 -0.750605036592707E+01
 -0.127150931719633E+02 -0.117721737305032E+02  0.784211384387226E+01
 -0.110667910195233E+02  0.126452487913366E+01  0.600273129341026E+01
 -0.710801439095599E+01 -0.930530961108804E+01  0.156182565678321E+02
  0.191172296845195E+02  0.118303669639927E+02 -0.187506959420717E+01
  0.874715862153144E+01  0.103671116866463E+02  0.128397744398113E+02
  0.793907867336775E+01  0.119154910019330E+02  0.118664438231836E+01
 -0.746815169112842E+01 -0.530744315605928E+01  0.136208130363647E+02
 -0.300023550032346E+01  0.100848982563746E+02  0.101821851201173E+02
 -0.265674783444824E+01 -0.394919191131650E+01  0.152339842183940E+02
  0.122749307983236E+02 -0.857631450053792E+01 -0.178323625094683E+01
 -0.685144899786904E+01 -0.184892900595303E+02 -0.325077044060534E+01
  0.104513826191472E+02 -0.106488796017106E+01 -0.159040122527300E+02
 -0.143909170919454E+02  0.276643771137628E+01 -0.145427329964215E+02
 -0.165434910420630E+02 -0.826541531841948E+01 -0.200334317204854E+02
  0.164924912410389E+02 -0.157643491033011E+02  0.367246735106648E+01
 -0.941671714252084E+01  0.103906385559396E+02  0.980346780172596E+00
 -0.155070647978854E+02  0.471478582550429E+01 -0.119791742514291E+02
 -0.115303318939769E+02 -0.668666662202223E+01 -0.819612181207622E+01
 -0.902190539230089E+01  0.890226145257283E+01  0.992675180698914E+00
  0.103812851603431E+02  0.842434298291179E+01  0.920968875860443E+01
  0.193162540762893E+01 -0.498864953468125E+01 -0.250248636073382E+01
  0.540908824189900E+01  0.192694738818913E+01  0.148175486983940E+02
  0.213532120279457E+02 -0.419007717399799E+01 -0.167006882986187E+02
 -0.222723601613413E+02 -0.100621380509098E+02  0.110373343278684E+02
  0.157438745143498E+02  0.842085884838357E+01 -0.119045842998967E+02
  0.135441684571126E+02  0.178561357901277E+02  0.131828877886022E+02
  0.997306406127687E+01  0.598973950869146E+01 -0.538581212662826E+01
 -0.140858659325357E+02  0.118714863336049E+02  0.112080481109018E+02
 -0.147320317898861E+02  0.149121883750081E+02 -0.776391585959167E+00
  0.188886549460881E+02 -0.185097603676514E+01  0.526582353140743E+00
 -0.230011638348792E+02 -0.350334573761452E+01  0.593459552740313E+01
  0.139611126154350E+02 -0.540328339420203E+01 -0.188204434938718E+01
  0.132966305520438E+02  0.437458637571739E+01 -0.943340819431554E+01
 -0.549898367822886E+01 -0.136898681634207E+02 -0.974124080149767E+01
  0.536767777420057E+01 -0.200296623579715E+02  0.787456989080743E+01
  0.201598376826065E+02 -0.175966673010472E+01  0.106773844998299E+02
  0.261457306014799E+01  0.890383290780442E+00 -0.843283767577479E+01
 -0.234381113843546E+01  0.348118666219516E+01  0.414942227667200E+01
 -0.104567642649476E+02  0.928622522249745E+00 -0.635421568385851E+01
  0.359026844008445E+01 -0.155669817354687E+02 -0.176873111945451E+02
  0.803213266094836E+01 -0.154854631348469E+02  0.748327025846674E+01
  0.673734345103901E+01  0.148796110793317E+02 -0.929005591179865E+01
  0.653548248537922E+01  0.159374999244913E+02  0.107133953775273E+02
 -0.313994567162800E+01  0.291513881207322E+01 -0.828785425867327E+01
  0.234034628677825E+01 -0.208920305958370E+01  0.393076568559339E+01
  0.795794571894584E+01 -0.929171933115973E+01 -0.732056124074122E-01
  0.143100069084312E+02 -0.142467050880645E+02  0.140749816061543E+02
 -0.723650822538761E+01 -0.525082473966988E+01  0.634996431267363E+01
 -0.567377354893622E+01  0.740972769572440E+01 -0.181756663262304E+01
  0.964373808620580E+01 -0.260748643863108E+01  0.127305252080946E+01
 -0.107163780532272E+02 -0.106775752492223E+01  0.180441813048012E+02
  0.133366303162865E+02  0.279669280284278E+01 -0.470183707414208E+01
  0.506745746332507E+01  0.110186166827215E+02  0.144468587243891E+02
 -0.505095316333207E+01  0.120404220860118E+02 -0.395693160534074E+01
  0.167017416110210E+02 -0.625824673626823E+01 -0.135678868876710E+02
 -0.171273364140552E+02 -0.102332393484197E+02  0.141532162273261E+02
 -0.175184451634157E+02 -0.303584016101198E+01  0.266760522505338E+01
  0.173754373301718E+02 -0.679005986559075E+01 -0.669953295073860E+01
 -0.160256794788877E+02  0.485556099547782E+00  0.359469035483079E+01
 -0.243486576834482E+01  0.129711817806183E+02 -0.776627582582658E+01
 -0.551883802168154E+00 -0.686572674407649E+01  0.525687368698782E+00
  0.253270168270263E+01 -0.187518084761398E+02 -0.406367027751721E+01
  0.286742596636044E+01  0.785081533055399E+01 -0.137078335828908E+02
 -0.303948175412629E+01  0.945181420968238E+01 -0.275783221088487E+01
  0.605695122465159E+01  0.236913815538302E+02 -0.631825478339382E+01
  0.226018155528520E+01  0.126941689339984E+02 -0.510729099282727E+01
 -0.439892898651995E+01 -0.111086900749406E+02  0.792625520528011E+01
  0.823601786144015E+01 -0.145515511037208E+01 -0.174338290613802E+02
  0.240878773765748E+02  0.153425136799160E+02 -0.181379720061834E+02
 -0.911277634335673E+01 -0.231387268530255E+02 -0.630052765489237E+01
  0.735385720084169E+01 -0.123882943121216E+02 -0.112577919327258E+02
  0.133502903587577E+02 -0.754935897186237E+01 -0.143012168048324E+01
 -0.494589477651175E+01  0.704317937175534E+01  0.101261021692967E+02
 -0.694710347283176E+00  0.420922956110995E+01  0.110343584191595E+01
